504 6554 -1
6716 27575 1
6716 59527 -1
10023 680 -1
10023 59527 -1
11944 59527 1
11944 62343 -1
11944 14455 1
11944 38803 1
11944 48286 1
16642 42556 -1
16642 59527 -1
16642 14455 -1
16642 88612 2
17014 31634 -1
17014 53265 -3
17014 61314 3
17014 70651 1
17014 394 -1
17014 680 -1
17014 59527 -1
17014 74573 -1
17014 21168 -1
17014 50435 -1
17014 51223 -3
17014 79954 -1
17014 88088 -1
17014 96198 -1
17014 24191 2
18652 27727 1
18652 61467 -1
18652 62600 -1
19539 46122 1
19539 680 1
19539 51223 2
19539 96198 1
19539 17973 -1
19539 24191 -1
19539 38803 1
21523 21168 -1
21523 61467 -1
22169 6554 -1
22169 59527 -1
22169 62600 -1
22169 22522 -2
22169 38803 -3
22169 86064 -1
23381 394 -3
23381 6554 -2
23381 20162 -1
23381 59527 -2
23381 63147 -1
23381 73803 -1
23381 74573 -1
23381 14455 -2
23381 51223 -1
23381 61467 -2
23381 62600 -1
23381 24191 1
23381 22522 -1
23381 38803 -4
23381 1691 -2
23381 2494 -1
23381 14081 -1
23381 14449 -1
23381 24124 -1
23381 25061 -2
23381 29538 -1
23381 33611 -2
23381 38756 -1
23381 61962 -2
23381 62979 -1
23381 73429 -1
23381 77775 -1
23381 84159 -1
23381 86775 -1
23381 88567 -1
23381 98026 1
23381 88612 1
23381 71929 1
23710 89612 -1
24418 18249 1
24418 24416 1
24418 59527 2
24418 73803 2
24418 74573 2
24418 14455 3
24418 96198 2
24418 38803 3
24418 25061 2
24418 29538 2
24418 33611 1
24418 89612 2
24418 98026 -1
24418 11005 1
24418 15951 1
24418 17553 1
24418 25263 1
25023 9191 -1
25023 51223 -3
25023 96198 -1
25023 62600 -2
25023 38803 -7
25023 61962 -1
25023 8095 -1
25023 35172 -1
25023 60930 -1
25605 44462 -1
25605 48572 -1
25605 50354 1
27575 31634 -1
27575 61314 2
27575 59527 -5
27575 73803 -1
27575 62343 1
27575 14455 -3
27575 96198 -1
27575 38803 -2
27575 1691 -3
27575 33611 -1
27575 77775 -1
27575 98026 1
27575 10252 -2
27575 23411 -2
27575 46494 -1
27575 49143 -1
27575 70806 -1
27575 76613 -1
27575 84000 -1
27575 91507 1
27727 11005 -1
31634 61314 -1
32928 394 -1
32928 38803 -2
32928 11005 -1
38660 61314 -1
38813 61314 -2
38813 6554 1
38813 14455 1
38813 24191 -1
38813 38803 6
38813 73429 1
38813 76003 1
38813 9825 1
39248 11005 -1
39265 62600 -1
39265 24124 -1
39265 61962 -1
39265 60127 -1
39265 21112 1
39458 8328 -1
39458 99087 -1
39458 38803 -2
39458 86775 -1
39458 11005 -1
39458 14563 -1
39458 97188 -1
40972 6554 -1
41604 59527 -1
41604 74573 -1
41604 14455 -1
41604 62600 -1
41604 38803 -2
41604 61962 -1
41604 86775 -2
41604 60127 -2
41604 695 -1
41604 92401 -1
41604 12426 1
42279 61314 -1
42279 24353 1
42279 51223 1
42279 38803 2
43460 9191 -1
43460 89612 -1
43460 11005 -1
46122 53265 3
46122 61314 -8
46122 680 1
46122 50435 1
46122 51223 3
46122 96198 1
46122 24191 -1
46122 38803 1
46122 88612 1
46122 94384 1
52557 38803 -4
52557 86775 -2
52557 76613 -1
52557 60127 -1
53265 42279 1
53265 46122 4
53265 61314 -2
53265 680 1
53265 74573 1
53265 14455 1
53265 51223 3
53265 24191 -1
53265 41847 1
53985 394 -1
53985 6554 -3
53985 9191 -1
53985 59527 -2
53985 87581 -1
53985 14455 -1
53985 51223 -1
53985 62600 -2
53985 38803 -3
53985 14081 -1
53985 77775 -1
53985 60127 -1
53985 41847 -1
53985 76003 -2
53985 99388 -1
57272 38803 -1
61314 17014 2
61314 53265 -2
61314 20162 -1
61314 59527 -1
61314 90212 -1
61314 14455 -1
61314 51223 -1
61314 79954 -1
61314 24191 1
61314 38803 -1
61314 1691 -1
61314 33611 -1
61314 77775 -2
61314 98026 1
61314 48572 -1
61314 6482 -1
61314 15951 -2
61314 38556 -1
61314 85679 -1
61314 88612 -2
61314 94384 -1
62156 38803 -3
64540 14455 -1
64540 90052 -1
66166 38803 -1
66166 11005 -1
70369 61314 -1
70369 38803 4
70369 48572 1
70369 92401 1
70369 76003 1
70369 65588 1
70651 35172 -1
70651 19774 -1
75721 61314 1
75721 6554 -1
75721 52226 -1
75721 59527 -1
75721 51223 -1
75721 38803 -1
75721 14081 -1
75721 25061 -1
75721 77775 -1
81845 27727 -1
81845 31225 1
81845 59527 1
81845 14455 1
81845 61467 1
81845 62600 3
81845 25061 1
81845 98026 -1
85464 61314 -1
85464 59527 2
85464 14455 2
85464 51223 1
85464 62600 1
85464 38803 3
85464 25061 1
85464 15951 1
87109 42279 1
87109 46122 2
87109 53265 1
87109 61314 -2
87109 59527 1
87109 51223 2
87109 96198 1
87109 84124 1
87112 38803 -1
98118 38803 -1
98118 40655 -1
99694 6554 -1
346 51223 1
346 38803 2
394 38803 1
541 38803 1
680 6554 1
1101 6554 1
1101 38803 2
1522 38803 1
2356 38803 1
3039 1522 1
3039 59527 2
3039 14455 1
3039 96198 1
3039 38803 3
3039 29538 1
3039 49143 1
3039 14563 1
3506 59527 1
3506 73803 1
3506 14455 1
3670 38803 1
4054 62600 1
4054 71929 1
5188 38803 1
6554 38803 1
8328 38803 1
9191 31225 1
9191 21168 1
9191 61467 1
9191 62600 1
9191 38803 1
9191 61962 1
9191 37882 1
9743 38803 1
11066 38803 1
11465 38803 1
12422 38803 1
12455 96198 1
12466 38803 1
12569 38803 1
12645 38803 1
14474 38803 2
16165 38803 2
16879 38803 1
16879 29538 1
18105 6554 1
18249 38803 2
18249 80256 1
18716 38803 1
18987 59527 1
18987 73803 1
18987 14455 1
18987 51223 1
18987 62600 2
18987 38803 4
20064 11005 1
20115 38803 1
20162 59527 1
20162 38803 1
21689 31225 1
21689 59527 1
21689 14455 1
21689 51223 1
21689 62600 2
21689 38803 3
21689 24124 1
21689 29538 1
21689 35172 1
21689 37882 1
21689 3123 1
21689 35832 1
21689 59595 1
21689 65667 1
21689 91412 1
22538 38803 1
22900 31225 1
22900 59527 1
22900 73803 1
22900 87581 1
22900 14455 1
22900 62600 1
22900 38803 2
22900 25061 1
22900 55064 1
23265 50354 1
23898 62600 1
23898 38803 2
24157 38803 3
24230 6554 1
24230 59527 1
24230 87581 1
24230 62600 1
24230 38803 1
24353 42279 2
24353 6554 1
24353 59527 1
24353 51223 2
24353 38803 4
24353 35172 1
24416 59527 1
24416 11005 2
24416 59534 1
25292 18249 1
25292 38803 2
25292 94384 1
25292 65667 1
26763 61467 1
26763 62600 2
26848 87581 2
26848 14455 1
26848 51223 1
26848 38803 3
28566 31225 1
28566 62600 2
28566 38803 2
30597 38803 1
31225 38803 1
31931 59527 1
31931 38803 1
33137 38803 1
34333 38803 1
34764 38803 1
35491 6554 1
35491 38803 1
35562 38803 1
36426 11005 1
37331 38803 1
38956 38803 1
39147 6554 1
39147 59527 1
39147 62600 1
39147 38803 3
39147 35172 1
39147 35832 1
39690 38803 1
39939 59527 1
39939 14455 1
40164 38803 1
42204 38803 1
42228 38803 1
42335 46122 1
42343 59527 1
42343 38803 2
42390 38803 1
42556 59527 1
42556 38803 1
42556 35832 1
42887 38803 1
43053 6554 2
43053 24416 1
43053 59527 1
43053 74573 1
43053 14455 1
43053 96198 1
43053 62600 1
43053 38803 4
43053 61962 1
43053 89612 1
43053 11005 2
43053 41847 1
43053 37882 1
43053 35832 1
43053 65667 1
43053 1802 1
43053 20174 1
43053 51646 1
43053 79793 1
43053 93633 1
43299 6554 1
43299 38803 1
44097 89508 1
44097 59534 1
44311 38803 1
44462 87581 1
44573 38803 2
45105 38803 1
47720 38803 1
49793 38803 1
50587 38803 1
50866 38803 1
52063 14455 1
52226 59527 1
52345 38803 1
54306 59527 1
54306 38803 1
54685 59527 1
54685 14455 1
54685 62600 1
54685 38803 3
54685 35832 1
54685 55064 1
54685 17468 1
54685 23585 1
54685 33042 1
54685 49899 1
54799 6554 1
54799 38803 1
57491 6554 1
57491 31225 1
57491 59527 1
57491 62600 1
57491 38803 2
57491 29538 1
57491 35172 1
57491 3123 1
57491 35832 1
57491 72957 1
57491 74097 1
58213 38803 1
59527 6554 2
59527 24416 1
59527 14455 2
59527 96198 1
59527 38803 4
59527 86064 1
59527 29538 1
59547 38803 1
60305 680 1
60305 6554 1
60305 31225 1
60305 73803 2
60305 14455 1
60305 51223 1
60305 38803 4
60305 24124 1
60305 61962 1
61690 38803 1
62704 59527 1
62704 38803 2
62704 20174 1
62891 62600 1
63147 38803 1
63503 38803 1
65643 38803 1
65855 55809 1
65892 38803 1
67251 38803 1
68213 38803 1
71173 62600 1
71857 38803 1
73315 59527 1
73315 62600 1
73315 38803 3
73331 38803 1
73603 38803 2
73803 59527 1
73803 14455 2
73803 22522 1
73803 38803 1
73803 54278 1
73884 38803 1
74548 38803 1
74573 6554 1
74573 59527 1
74573 73803 1
74573 62600 1
74573 38803 3
74573 61962 1
74573 35172 1
74573 60127 1
75416 38803 1
76294 38803 1
76508 14455 1
76508 51223 1
76508 38803 1
76558 38803 1
78970 14455 1
81518 38803 1
83109 38803 1
83125 38803 1
83711 6554 1
83711 2494 1
84670 38803 1
86619 38803 1
87028 24230 1
87028 59527 1
87028 38803 2
87028 41847 1
87028 13259 1
87484 38803 1
87581 51223 2
87581 62600 2
87581 38803 2
87581 25061 1
87581 73429 1
87581 55809 1
87581 35940 1
87812 14455 1
87812 49143 1
89508 38803 1
89508 59534 1
89717 38803 1
90036 38803 1
90212 6554 1
90212 38803 3
90212 61962 1
90619 38803 1
91574 59534 1
91758 38803 1
91777 38803 1
93756 59527 1
93756 14455 1
95513 38803 1
95518 38803 1
97690 89508 1
97690 59534 1
97789 38803 1
98254 38803 1
99087 1522 1
99087 38803 2
99087 65667 1
99678 38803 1
99678 35832 1
