504 9436 -1
504 62586 -1
504 60604 -1
504 6087 2
9436 56830 1
9436 62586 1
9436 89511 -1
9436 1522 1
9436 6554 7
9436 24416 2
9436 31635 2
9436 77404 1
9436 89508 1
9436 95484 1
9436 60604 1
9436 6087 -2
9436 75650 1
9436 14081 2
9436 62600 2
9436 11180 1
9436 73269 1
9436 1802 2
9436 25263 1
9436 16786 3
9436 2494 1
9436 79793 1
9436 33042 1
9436 35832 1
9436 40031 1
9436 42343 1
9436 51229 1
9436 60246 1
9436 68563 1
9436 89060 3
10738 6087 1
10738 75650 -1
11604 9436 -1
11604 89511 1
11604 6554 -1
11604 6087 7
11604 21112 1
11810 62586 -1
11810 89511 1
11810 88612 -1
11810 6087 7
11810 8095 -1
11810 10612 -1
11810 11005 -1
11810 14081 -1
11810 62600 -1
11810 75347 -1
11810 76123 -1
11810 78285 -2
17014 13427 1
17014 6087 6
17014 11180 -2
17014 2179 1
19268 88612 -1
19268 24124 -1
20845 89511 -1
20845 78285 1
22032 6087 -1
22405 59049 1
22405 6554 -2
22405 42584 -1
22405 94016 -1
23381 9436 -1
23381 59049 2
23381 62586 -1
23381 85464 -1
23381 6554 -2
23381 31635 -1
23381 88612 -2
23381 6087 5
23381 24124 1
23381 62979 -1
23381 70806 -1
23381 72508 1
24780 9436 7
24780 59049 -1
24780 62586 2
24780 89681 -1
24780 650 1
24780 6554 10
24780 13427 -2
24780 88612 3
24780 60604 1
24780 76123 1
24780 11180 1
24780 19888 1
24780 1802 1
24780 16786 2
24780 14829 1
24780 29132 1
24780 42906 3
24780 59527 1
24780 67019 1
27727 33411 -1
27738 6087 -1
27738 83056 1
28562 39335 -1
28562 70369 1
28562 72416 -2
28562 88612 -3
28562 24124 -2
28562 19888 -2
28562 72508 -1
30309 6087 3
30309 8095 -1
30309 95075 -1
30309 69280 1
33411 13427 -2
33411 6087 -1
35491 6087 -1
38671 6554 1
38671 6087 -1
38671 79879 1
56830 24124 -1
57272 11005 -1
57272 62600 -1
57272 73269 -1
57272 81518 -1
59049 9436 -2
59049 6554 -1
59049 6087 4
59049 14081 -2
59049 72508 2
61314 6554 -1
61314 91750 -1
62586 6554 1
62586 53529 -1
62704 89511 -1
62704 6554 1
62704 6087 -1
62704 11005 1
62704 78285 1
62704 16786 1
62704 51229 1
62704 20174 1
62704 47697 1
62704 84071 1
65905 6554 1
65905 6087 -1
65905 85194 1
72270 59049 2
72270 89511 1
72270 6554 -1
72270 6087 3
72270 94016 -1
72270 1802 -1
77171 88612 -1
77995 56830 1
77995 85464 -1
77995 6554 3
77995 24416 1
77995 88612 1
77995 62600 2
77995 42584 1
77995 1802 2
77995 25263 1
77995 16786 1
77995 40031 2
77995 42906 1
77995 65667 1
77995 49143 1
77995 52660 1
77995 60930 3
77995 65740 1
78376 17014 1
78376 59049 1
78376 6554 -1
78376 13427 1
78376 6087 2
78376 62600 -1
78376 1802 -1
79963 9436 1
79963 6554 1
79963 6087 -1
79963 2494 1
79963 79793 1
79963 33042 1
79963 60246 1
79963 47697 1
79963 9051 1
84847 6087 -1
84847 78285 1
85464 6554 2
85464 88612 -1
85464 14829 1
89511 9436 -1
89511 33411 -2
89511 62586 -1
89511 6554 -3
89511 40092 1
89511 6087 11
89511 75347 -1
89511 78285 -4
89511 70806 -1
89511 19811 -1
89511 49467 -2
89511 86944 -1
89681 59049 1
89681 6554 -4
89681 38033 -1
89681 6087 1
89681 70806 -1
89681 9412 -1
89681 53265 -1
90379 6554 -3
90379 6087 3
93207 89511 1
93207 6087 2
93207 78285 -1
93207 18114 -1
93207 65855 -1
650 6554 5
650 60604 1
650 25263 1
650 47597 1
1522 6554 1
1522 24416 1
6554 16786 1
6791 72416 1
6791 88612 1
6791 24124 2
6791 19888 1
7050 9436 1
7050 6554 1
7050 2494 1
7050 14378 1
7050 39262 1
7050 79793 1
9179 1802 1
11277 6087 1
13427 6087 1
14164 62600 1
14164 1802 2
14867 6087 1
20606 6087 1
23013 1802 1
23013 38585 1
23544 6087 4
24157 6554 1
24157 1802 1
24290 1802 1
24353 6554 1
24416 62600 1
24418 9436 1
24418 6554 1
24418 62600 1
24418 40031 1
24428 6087 1
26848 9436 1
26848 6554 2
26848 11005 1
26848 62600 1
26848 73269 1
26848 2494 1
26848 14378 1
26848 89060 1
26848 59315 1
31635 25263 1
34287 6554 2
34287 31635 1
34577 11691 1
38033 2494 1
38033 79289 1
39335 59049 1
39335 82019 1
39335 88612 1
39335 6087 1
39335 24124 2
39335 72508 1
39940 1802 1
40092 89511 5
40092 6087 3
42228 24124 1
43053 6554 1
43053 24416 1
43053 62600 1
43610 6554 1
48650 6791 1
48650 72416 1
48650 88612 3
48650 24124 2
48650 19888 2
48650 72508 1
48907 62600 1
48907 1802 1
48907 9412 1
49047 6087 1
53454 60604 1
57216 89060 1
57397 6087 1
59794 6087 1
60225 6554 1
64065 9436 1
64065 56830 1
64065 79963 1
64065 6554 1
64065 24416 1
64065 60604 1
64065 62600 1
64065 1802 1
64065 18114 1
64065 79793 1
64065 33042 1
64065 35832 1
64065 40031 1
64065 42343 1
64065 60246 1
64065 89060 1
64065 47697 1
64065 9051 1
64065 13259 1
64065 29538 1
64065 45660 1
64065 52736 1
64065 53900 1
64065 60127 1
64065 63639 1
64065 65667 1
64065 72212 1
67829 89511 1
67829 6087 3
67829 18364 1
70358 6087 2
70369 9436 1
70369 6554 1
72416 24124 1
72970 6554 1
77404 9436 3
77404 6554 2
77404 62600 1
77404 2494 1
77404 79793 1
77404 42906 1
77404 59527 1
77404 40131 1
80901 6087 1
80901 11691 1
82019 6087 1
82047 6087 2
83109 1802 1
83109 60127 1
84329 6554 2
84329 62600 1
84329 1802 1
84329 18114 1
84329 84071 1
84329 65667 1
84329 17283 1
84329 41046 1
88612 24124 1
89508 6554 1
89508 6087 1
91128 6554 1
92976 1802 1
93386 6087 1
94309 6554 1
95484 9436 1
98992 6554 1
