23381 22282 -1
23381 6554 -1
23381 23585 -1
23381 36419 -1
30100 98093 -1
30100 6554 -1
30100 14081 -1
30100 39739 -1
30100 43693 -1
30100 62600 -4
30100 67803 -1
30100 79551 -2
30100 85245 -1
35987 46352 -1
35987 52282 -1
35987 60127 -1
35987 77775 -1
35987 97188 -1
39458 12804 -1
39458 36042 -1
39458 53557 -1
43714 62600 -1
50354 62600 -1
69667 62600 -1
69667 60604 -1
69667 94691 -1
89511 62600 -1
89511 20162 -1
90379 16786 -1
90379 90212 -1
90379 62600 -1
90379 60604 -1
90379 49489 -1
90379 93633 -1
90379 11691 1
650 6554 1
650 36419 1
650 62600 2
650 60127 1
650 12804 2
650 60604 1
8909 66750 1
8909 6554 1
8909 62600 1
8909 60127 1
8909 12804 1
8909 60604 1
8909 94691 1
13198 62600 1
13198 79551 1
16786 60127 1
21523 12804 1
22282 62600 1
22282 12804 1
22282 25061 1
24418 62600 2
24418 12804 1
24418 60604 1
24626 62600 1
24626 12804 1
35230 66750 1
35230 23585 1
35230 62600 1
35230 35867 2
42343 62600 1
43053 12804 1
43610 62600 1
46494 60604 1
55655 11691 2
55655 61070 1
56183 60127 1
56183 12804 1
62704 94384 1
62704 62600 1
66750 62600 1
66750 60127 1
66750 12804 1
66750 35832 1
66750 60246 1
66750 84071 1
72969 62600 1
72969 35867 1
74467 62600 1
75155 16786 1
75155 35867 1
77271 12804 1
77404 62600 1
78935 62600 1
90212 60127 1
90212 84104 1
94384 60127 1
94384 12804 1
94384 73803 1
96351 12804 1
98093 39739 1
98093 62600 1
98093 79551 1
99976 12804 1
