1460 16786 1
1460 53529 -1
1460 73803 1
1460 73297 2
4237 21112 1
4237 62586 -1
4237 72927 -1
4237 3777 -1
4237 10612 -1
4237 87246 -1
4237 17533 -1
4237 49899 -1
4237 73297 -1
4237 84197 -1
5279 7000 -1
5279 16786 -2
5279 21112 5
5279 23898 -1
5279 27575 2
5279 39265 3
5279 59049 2
5279 62586 -3
5279 72927 -1
5279 74481 1
5279 650 -1
5279 3777 -2
5279 6554 -2
5279 8416 -1
5279 9412 -1
5279 10612 -3
5279 11177 -1
5279 15101 -1
5279 18105 -1
5279 18114 -3
5279 24416 -5
5279 28566 -1
5279 32272 -1
5279 35562 -3
5279 42279 -2
5279 42906 -4
5279 46263 -2
5279 46494 -1
5279 53265 -6
5279 55346 -2
5279 59527 -7
5279 70369 -1
5279 73803 -3
5279 76123 -1
5279 81873 -1
5279 90052 -4
5279 93633 -4
5279 94016 -11
5279 73297 -8
5279 1667 -1
5279 1691 -6
5279 1802 -4
5279 5212 -1
5279 6033 -1
5279 6372 -1
5279 10252 -2
5279 11712 -1
5279 14033 -1
5279 17283 -1
5279 19793 -1
5279 19851 -2
5279 20345 -1
5279 21389 -1
5279 22925 -1
5279 23239 -3
5279 24124 -1
5279 26897 -2
5279 33611 -1
5279 34449 -1
5279 36630 -1
5279 36742 -2
5279 38556 -2
5279 38885 -1
5279 49143 -7
5279 52660 -2
5279 53557 -2
5279 54887 -2
5279 57854 -10
5279 57945 -2
5279 60127 -1
5279 61951 -1
5279 62600 -5
5279 63378 -5
5279 65588 -1
5279 66923 -2
5279 67794 -1
5279 74676 -1
5279 75958 -4
5279 84779 -1
5279 85305 -1
5279 89164 -1
5279 96198 -1
5279 96847 -1
5279 99087 -2
5279 99889 2
5279 95366 1
5279 97277 1
7000 93633 -1
7000 5568 1
11691 14829 -1
11691 99889 2
11810 16786 -1
11810 21112 2
11810 62586 -3
11810 72927 -3
11810 650 -1
11810 6554 -1
11810 9412 -1
11810 14829 -1
11810 18114 -1
11810 20606 1
11810 23383 -1
11810 24416 -2
11810 28566 -2
11810 42279 -1
11810 51900 -2
11810 53265 -5
11810 60881 -2
11810 73803 -1
11810 93633 -1
11810 94016 -2
11810 99976 -1
11810 73297 -2
11810 1802 -3
11810 23239 -3
11810 49143 -1
11810 57854 -1
11810 57945 -1
11810 62600 -1
11810 75958 -5
11810 96847 -3
11810 3123 -1
11810 14249 -1
11810 19811 -2
11810 23759 -1
11810 36828 -1
11810 43693 -1
11810 61467 -1
11810 61962 -1
11810 70773 -1
11810 73269 -1
11810 78781 -1
11810 99889 4
11810 1809 1
11810 19895 1
11840 72927 -4
11840 10612 -1
11840 46263 -1
11840 73367 -1
11840 99889 5
11840 26612 1
11840 57787 1
12264 93633 -1
15495 27575 2
15495 72927 -2
15495 99889 1
16786 53529 -2
16786 9412 1
16786 18114 1
16786 24416 1
16786 73803 2
16786 93633 1
16786 23759 1
16786 59129 1
17012 21112 1
17012 23381 1
17012 39265 1
17012 59049 1
17012 51900 -2
17012 73803 -2
17012 94016 -1
17012 99889 2
17014 11691 1
17014 95679 2
17014 85464 -1
17014 99087 -1
17014 99889 3
17889 71929 2
17889 6033 -1
21112 94016 -1
22204 62586 -1
22204 14449 -1
22405 16786 -2
22405 43675 -1
22405 62586 -2
22405 9412 -1
22405 24416 -1
22405 28566 -3
22405 28931 -1
22405 32272 -1
22405 42906 -1
22405 53265 -1
22405 82614 -1
22405 90052 -1
22405 94016 -2
22405 14033 -1
22405 17283 -1
22405 26897 -1
22405 57854 -2
22405 62600 -1
22405 61962 -1
22405 48621 -1
22405 52004 -1
22405 85526 -1
22405 88567 -1
22405 99889 1
23265 99976 -1
23265 75958 -1
23265 99889 1
23381 59049 1
23381 62586 -1
23381 3777 -1
23381 6554 -2
23381 24416 -3
23381 32272 -1
23381 42906 -1
23381 46263 -1
23381 53265 -1
23381 85464 -2
23381 94016 -3
23381 73297 -1
23381 1802 -1
23381 6372 -1
23381 23239 -1
23381 62600 -2
23381 75958 -3
23381 73269 -2
23381 59129 -1
23381 66688 -2
23381 84071 -1
23381 99889 1
23898 21112 -1
23898 6554 1
23898 18114 1
23898 42279 1
23898 1802 1
23898 14033 1
23898 49143 1
23898 61951 1
23898 62600 1
23898 85305 1
23898 73269 1
24629 46263 -1
24629 50354 2
24937 72927 -1
24937 73623 1
25472 3777 -1
25472 61467 -1
27575 16786 -2
27575 21112 2
27575 39265 2
27575 59049 1
27575 62586 -5
27575 72927 -7
27575 97768 1
27575 650 -1
27575 3777 -2
27575 6554 -3
27575 8416 -1
27575 10612 -1
27575 12804 -1
27575 14829 -2
27575 18105 -4
27575 20606 1
27575 24353 -17
27575 26848 -1
27575 42279 -1
27575 46263 -5
27575 51900 -2
27575 53265 -7
27575 73803 -3
27575 87246 -1
27575 90052 -1
27575 92976 -2
27575 93633 -2
27575 93756 -1
27575 94016 -1
27575 99976 -1
27575 49899 -1
27575 73297 -5
27575 1802 -3
27575 21389 -1
27575 23239 -1
27575 36742 -8
27575 57854 -1
27575 62600 -1
27575 75958 -5
27575 3123 -1
27575 19811 -3
27575 23759 -1
27575 43693 -2
27575 73269 -2
27575 14449 -1
27575 66688 -1
27575 8381 -1
27575 23585 -1
27575 29538 -1
27575 32353 -2
27575 48286 -1
27575 48572 -1
27575 60604 -1
27575 66197 -2
27575 81273 -1
27575 81518 -1
27575 85658 -2
27575 92024 -1
27575 97470 -1
27575 99889 3
27575 95366 1
27575 5568 3
27575 79346 1
30100 75958 -1
34576 9191 -1
34576 19077 -1
34576 89060 -1
35171 70507 1
35171 84197 -1
36614 21112 1
36614 59049 1
36614 62586 -1
36614 45327 -1
36614 46263 -1
36614 93633 -1
36614 94016 -2
36614 1802 -1
36614 38556 -1
36614 62600 -2
36614 96198 -1
36614 99889 1
39265 16786 -3
39265 21112 2
39265 27575 1
39265 62586 -5
39265 72927 -1
39265 650 -1
39265 3777 -3
39265 6554 -3
39265 9412 -2
39265 10612 -2
39265 12804 -3
39265 18105 -1
39265 18114 -1
39265 24416 -3
39265 31635 -1
39265 35562 -1
39265 46494 -1
39265 53265 -1
39265 54207 -1
39265 73803 -4
39265 85464 -2
39265 90052 -1
39265 93633 -1
39265 94016 -5
39265 99976 -1
39265 73297 -1
39265 1802 -2
39265 6033 -2
39265 19851 -3
39265 23239 -2
39265 24124 -1
39265 33611 -2
39265 36742 -2
39265 57854 -1
39265 60127 -1
39265 62600 -1
39265 3123 -2
39265 36828 -1
39265 43693 -1
39265 61467 -1
39265 73269 -1
39265 14449 -1
39265 81518 -1
39265 6652 -1
39265 44322 -1
39265 93144 -1
39265 99889 3
39265 21490 1
39265 94161 1
39458 18114 -1
39458 32272 -1
39458 73803 -1
39458 87246 -1
39458 94016 -2
39458 73297 -1
39458 5212 -1
39458 38556 -1
39458 75958 -1
39458 3123 -1
39458 61467 -1
39458 73269 -1
39458 77775 -1
39458 91758 -1
39458 92401 -2
39458 99889 1
40972 94016 -2
40972 99889 1
41604 18114 -2
41604 24416 -1
41604 65667 -1
43675 16786 1
43675 3777 1
43675 6554 2
43675 12804 2
43675 17468 2
43675 18114 2
43675 24230 1
43675 24416 2
43675 28566 2
43675 28931 1
43675 31508 1
43675 42906 2
43675 46263 1
43675 51921 1
43675 59527 1
43675 64907 1
43675 73803 2
43675 82614 1
43675 87246 3
43675 93756 1
43675 94016 2
43675 95642 1
43675 99976 2
43675 49899 1
43675 1802 2
43675 5212 1
43675 14033 1
43675 57945 -1
43675 61951 1
43675 62600 2
43675 85305 1
43675 3123 2
43675 73269 1
43675 14449 1
43675 59129 2
43675 23585 1
43675 29538 1
43675 48286 1
43675 65667 1
43675 9051 1
43675 12517 1
43675 35832 1
43675 37959 1
43675 64411 1
43675 79793 2
43675 25263 1
43675 60246 1
43675 1533 1
43675 35172 1
43675 48004 1
43675 51381 1
43675 52512 1
43675 67892 1
47738 71929 1
47738 67190 -1
47738 53557 -1
48182 49899 -1
48182 10252 -1
48528 36742 1
48528 61951 1
48528 1122 -1
52481 71929 1
52481 1691 -2
53417 27575 1
53417 75958 -1
53417 99889 1
53529 94016 -1
57272 59129 -1
59049 46263 -1
59596 72927 -2
59596 99889 3
62423 72927 -1
62423 53265 -1
62423 1802 -1
62423 22522 -1
62423 99889 1
62586 59049 -1
62586 42906 1
62586 46263 1
62586 60881 1
62586 73803 1
62586 93633 1
62586 73297 1
62586 14033 1
62586 21389 1
62586 62600 1
62586 73269 1
62586 14449 1
62704 16786 1
62704 21112 -1
62704 6554 1
62704 12804 1
62704 17468 1
62704 18114 1
62704 18716 2
62704 24416 1
62704 35379 1
62704 51921 1
62704 73711 1
62704 73803 1
62704 87246 1
62704 93633 1
62704 94016 1
62704 1802 1
62704 6033 1
62704 61951 1
62704 62600 1
62704 61962 1
62704 20174 2
62704 71508 1
62704 38060 1
65702 16786 -1
65702 6554 -2
65702 29585 -1
65702 52285 -1
65702 94016 -1
65702 79486 -1
66636 73803 -1
66636 94016 -2
66636 70806 -1
66636 99889 3
66870 62586 -1
66870 94016 -2
66870 75322 -1
66870 99889 3
67480 10252 -1
67480 62600 -1
67829 53265 -1
67829 94016 -2
69667 59129 -1
69667 14081 1
69667 67775 1
71929 1522 1
71929 85464 -1
71929 49899 -1
71929 6033 -1
71929 14449 -1
71929 12422 -1
71929 99889 1
71929 17511 2
71929 48969 1
72270 59049 1
72270 94016 -3
72270 99889 1
72270 50354 1
72927 6554 1
72927 93633 1
72927 17533 1
72927 1802 1
72927 73623 -1
72927 52666 1
72983 60881 -1
72983 36742 -2
72983 99889 2
73037 16786 1
73037 21112 1
73037 39265 1
73037 59049 2
73037 6554 1
73037 17468 1
73037 35379 2
73037 51921 1
73037 87246 1
73037 94016 -1
73037 73297 2
73037 61951 1
73037 99889 2
73037 2094 1
74481 42343 -1
74481 1802 -1
74481 19851 -1
75860 38556 -1
75860 62600 -1
78094 21112 2
78094 82019 1
78094 89621 1
78094 10612 -1
78094 24353 -1
78094 32002 -1
78094 46263 -1
78094 53265 -1
78094 90052 -1
78094 93633 -1
78094 33611 -1
78094 49143 -2
78094 3123 -1
78094 66688 -1
78094 48286 -1
78094 91307 -1
78094 99889 4
78094 97277 1
78094 5568 1
78094 50354 1
78376 21112 1
78376 48528 -1
78376 18114 -1
78376 24416 -1
78376 73803 -1
78376 19851 -1
78376 78285 -1
80901 72927 -1
80901 99889 1
82019 3777 -1
82047 93633 -1
84574 6554 -1
85961 11691 -1
85961 85464 1
89140 11691 1
89140 27575 1
89140 62586 -1
89140 72927 -1
89140 3777 -1
89140 24353 -1
89140 53265 -1
89140 94016 -1
89140 24124 -1
89140 50921 -1
89140 84392 -2
89140 93416 -1
89140 99889 1
89140 94161 1
89621 62586 -1
89621 88567 -1
89681 71929 1
89681 72927 -1
89681 24416 -1
89681 6033 -1
89681 62600 -1
89681 73623 1
89681 86064 -1
89681 48969 1
90040 46263 -1
91408 6554 -2
91408 35562 -1
91408 394 -1
93207 72927 -1
95679 11691 2
95679 17014 2
95679 32272 -1
95679 85464 -1
95679 22522 -1
95679 99889 3
97768 94016 -1
97768 99889 2
0 3777 1
0 99889 1
310 16786 1
310 73803 1
310 1802 1
310 47697 1
650 16786 4
650 62586 2
650 3777 1
650 6554 1
650 10612 1
650 12804 1
650 17468 1
650 18114 1
650 24416 4
650 28566 1
650 32272 1
650 60881 1
650 70369 1
650 73803 2
650 93633 1
650 94016 1
650 95642 1
650 99976 1
650 73297 2
650 36630 1
650 36742 2
650 49143 1
650 61951 1
650 62600 3
650 85305 1
650 61962 1
650 73269 1
650 59129 1
650 84071 1
650 23585 1
650 48286 1
650 94384 1
755 6554 2
755 12804 1
755 24416 1
755 1802 1
755 62600 1
1101 6554 2
1101 18114 1
1101 24416 1
1101 35379 1
1101 93756 1
1101 62600 3
1101 75958 1
1351 12804 1
1351 99976 1
1351 49143 1
1416 93633 1
1416 24124 1
1416 62600 1
1522 16786 2
1522 6554 2
1522 12804 2
1522 17468 1
1522 18114 1
1522 24416 1
1522 42906 1
1522 73803 1
1522 93633 1
1522 94016 1
1522 99976 1
1522 73297 1
1522 1802 1
1522 19851 1
1522 61951 1
1522 62600 1
1522 85305 1
1522 3123 1
1522 23585 1
1522 65667 1
1522 9051 1
1522 12517 1
1522 13259 1
1522 14081 1
1522 35832 1
1522 37959 1
1522 64411 1
1522 79793 1
1522 88821 1
3039 16786 1
3670 24416 1
3777 16786 1
3777 6554 2
3777 17468 2
3777 18114 1
3777 24416 1
3777 42279 1
3777 42906 1
3777 43202 1
3777 44462 1
3777 59527 1
3777 73803 1
3777 87246 1
3777 93756 1
3777 94016 1
3777 49899 1
3777 73297 2
3777 1802 3
3777 21389 1
3777 49143 1
3777 66923 1
3777 85305 1
3777 14449 1
3777 76003 1
4193 99889 1
4770 36742 1
5979 72927 1
6099 73297 1
6146 17468 1
6146 18114 1
6146 87246 1
6146 1802 1
6146 54887 1
6146 61951 1
6146 62600 1
6516 32272 1
6516 46263 1
6516 87246 1
6516 73297 1
6516 19851 1
6516 36742 1
6516 62600 1
6516 35832 1
6554 12804 1
6554 1802 1
6939 62600 1
8239 99889 1
8239 61681 1
8328 16786 1
8328 72927 1
8328 73297 1
8328 24124 1
8416 48286 1
8620 1802 1
9138 16786 1
9412 93633 1
9412 36742 1
10303 18114 1
10303 62600 1
10326 52004 1
10593 3777 1
10593 6554 1
10593 1802 2
10612 16786 1
10612 12804 2
10612 17468 1
10612 18114 1
10612 32272 1
10612 53265 1
10612 73803 1
10612 87246 1
10612 93756 1
10612 94016 1
10612 61951 1
10612 62600 1
10612 76226 1
11066 35832 1
11066 25263 1
11177 18114 1
11177 24416 2
11177 73803 1
11177 62600 1
11177 61962 1
11604 99889 1
11690 87246 1
11690 93756 1
11690 99976 1
11690 49143 1
11690 29538 1
11690 74097 1
12037 12804 1
12037 17468 2
12037 18114 1
12037 24416 1
12037 87246 1
12037 94016 1
12037 95642 1
12037 1802 1
12037 5212 1
12037 49143 1
12037 62600 2
12037 3123 1
12037 73367 1
12037 84071 1
12037 13259 1
12037 35832 1
12037 79793 1
12037 60246 1
12541 12804 1
12624 16786 1
12624 42279 1
12624 73803 2
12624 99087 1
12624 23585 1
12624 76003 1
12804 73297 1
13198 6554 1
13198 12804 1
13198 17468 1
13198 42906 1
13198 1802 1
14164 6554 1
14164 18114 1
14164 73803 1
14164 89508 1
14164 19851 1
14164 61951 2
14164 73269 1
14805 16786 1
14805 6554 1
14805 42906 1
14805 70369 1
14805 73803 1
14805 90212 1
14805 94016 1
14805 73297 1
14805 1802 1
14805 61951 1
14805 62600 1
14805 29538 1
14805 64411 1
14829 73297 1
14829 1802 1
14846 6554 1
15101 16786 1
15101 3777 1
15101 6554 1
15101 24416 2
15101 28566 1
15101 51921 1
15101 60881 1
15101 87246 1
15101 90475 1
15101 93633 3
15101 1667 1
15101 1802 2
15101 14033 1
15101 21389 1
15101 24124 1
15101 49143 1
15101 61951 1
15101 62600 1
15101 85305 2
15101 96198 1
15101 86064 1
15101 50866 1
15610 72927 2
15610 42906 1
15610 73803 1
15610 93756 1
15610 21389 1
15610 29665 1
17468 61951 1
18105 92976 1
18105 61951 1
18105 3123 1
18105 73269 1
18114 17468 1
18114 99087 1
18351 24416 1
18351 60881 1
18397 12804 1
18423 72927 1
18716 6554 2
18716 12804 1
18716 17468 1
18716 18114 1
18716 46263 1
18716 60881 1
18716 87246 2
18716 93633 1
18716 93756 1
18716 99976 1
18716 73297 1
18716 62600 1
18716 61962 1
18716 73269 1
18716 59129 1
18716 29538 1
18716 65667 1
18716 47697 1
18716 13259 1
18716 25263 1
18716 52666 1
18716 53392 1
18716 74573 1
19410 99889 1
20115 16786 2
20115 12804 2
20115 14164 1
20115 17468 2
20115 18114 1
20115 28566 1
20115 28931 1
20115 31508 1
20115 35562 1
20115 42279 1
20115 42906 1
20115 70369 2
20115 73803 2
20115 87246 1
20115 93756 1
20115 99976 1
20115 73297 1
20115 1802 2
20115 19851 2
20115 49143 1
20115 61951 2
20115 62600 2
20115 85305 1
20115 61962 1
20115 73269 1
20115 52004 1
20115 84071 1
20115 47697 1
20115 9051 1
20115 35832 1
20115 79793 1
20115 74573 1
20606 99889 1
21552 72927 1
21552 12804 1
21552 18114 1
21552 87246 1
21552 73297 1
21552 61951 1
21552 62600 1
21590 12804 1
21590 61951 1
21689 87246 1
21689 19851 1
22719 18114 1
22719 62891 1
22719 19851 2
22719 49143 1
22834 99889 1
23383 72927 1
23383 62600 1
23956 35832 1
24157 43509 1
24230 62586 1
24353 16786 1
24353 6554 1
24353 12804 1
24353 17468 1
24353 18716 1
24353 28566 1
24353 28931 1
24353 31508 1
24353 42279 2
24353 42906 1
24353 87246 2
24353 93633 1
24353 93756 1
24353 1802 1
24353 21389 1
24353 49143 1
24353 62600 1
24353 85305 1
24353 61962 1
24353 29538 1
24353 48286 1
24353 35832 1
24353 64411 1
24416 16786 1
24416 72927 2
24416 6554 2
24416 12804 3
24416 17468 1
24416 18114 1
24416 31635 1
24416 51900 1
24416 52285 1
24416 73711 1
24416 73803 2
24416 83109 1
24416 94016 2
24416 95642 1
24416 99976 1
24416 24124 1
24416 49143 1
24416 61951 1
24416 62600 1
24416 48286 1
24416 19077 1
24416 89060 2
24416 728 1
24418 3777 1
24418 6554 3
24418 17468 1
24418 73803 1
24418 99976 1
24418 1802 3
24418 61951 1
24418 59129 1
25201 62586 1
25201 6554 2
25201 18105 1
25201 18114 1
25201 24416 1
25201 1802 1
25201 49143 1
25201 73367 1
25201 84071 1
25201 23585 1
25201 9191 1
25201 1242 1
25201 48963 1
25201 69796 1
25201 71316 1
25347 18716 1
25603 32272 1
26848 16786 1
26848 6554 3
26848 12804 1
26848 17468 1
26848 18105 1
26848 28931 1
26848 31508 1
26848 42279 2
26848 42906 1
26848 44462 1
26848 51900 1
26848 60881 1
26848 70369 1
26848 73711 1
26848 85464 1
26848 93633 3
26848 99976 1
26848 73297 2
26848 1802 2
26848 23239 1
26848 49143 2
26848 61951 1
26848 66923 1
26848 75958 1
26848 61962 1
26848 73269 1
26848 66688 1
26848 21168 1
26848 22099 1
26848 35940 1
26848 68148 1
27627 6554 1
27627 73269 1
27841 6554 1
27841 73297 1
28545 650 1
28545 24416 1
28545 36630 1
28545 48286 1
28545 14806 1
28566 12804 1
28566 17468 1
28566 18114 1
28566 35379 1
28566 42906 1
28566 73803 1
28566 73297 2
28566 61951 1
28566 52004 1
28721 1802 1
28721 49143 1
28721 99889 1
28741 21389 1
28931 17468 1
28931 35379 1
28931 19851 1
28931 62600 1
28931 48286 1
28931 6194 1
29585 3777 1
29585 24416 1
29585 73297 1
29585 61951 1
29585 62600 1
29585 74097 1
29662 1802 2
30489 73297 1
31508 17468 1
31508 24416 1
31635 12804 1
31635 73297 1
31635 61951 1
31978 99889 1
32002 6554 1
32002 3123 1
32272 6554 1
32272 73297 1
32272 61951 1
32272 74097 1
32928 99889 2
33435 13259 1
33435 79793 1
34003 62586 1
34003 1522 1
34003 3777 1
34003 6554 1
34003 12804 2
34003 17468 1
34003 18114 1
34003 24416 3
34003 42906 1
34003 45327 1
34003 73803 2
34003 94016 5
34003 95642 1
34003 99976 1
34003 73297 2
34003 1802 3
34003 6033 1
34003 23239 1
34003 49143 1
34003 62600 1
34003 85305 1
34003 3123 1
34003 14449 1
34003 84071 1
34003 29538 1
34003 48286 1
34003 35223 1
34031 12804 1
34031 99976 1
34031 36742 1
34031 23759 1
34333 21389 1
34333 35223 1
34507 12804 1
34507 73297 2
34764 62586 1
34764 6554 1
34764 93633 1
34764 1802 1
34764 61951 1
34764 62600 1
34764 73269 1
34764 14449 1
35063 72927 1
35063 18114 1
35063 53265 1
35063 60881 1
35063 73803 2
35063 99976 1
35063 49143 1
35063 60246 1
35379 17468 1
35379 28566 1
35379 1802 1
35562 6554 1
35562 18114 1
35562 40031 1
35562 87246 1
35562 14033 1
35562 84071 1
35562 25263 1
35615 72927 1
35615 17468 1
35615 18114 1
35615 1802 1
35788 5568 1
36426 72927 1
37181 24416 1
37181 61951 1
37181 62600 1
37307 18114 1
37307 87246 1
37843 17468 1
37843 35832 1
38671 73803 1
38671 93633 1
39690 61951 1
40031 47597 1
40164 16786 1
40164 73803 1
40164 1802 1
40164 19851 1
40164 61951 1
40164 62600 1
42279 16786 3
42279 62586 1
42279 72927 1
42279 6554 1
42279 24353 2
42279 24416 1
42279 28566 1
42279 44462 1
42279 51900 1
42279 53265 1
42279 73803 3
42279 93756 1
42279 99976 2
42279 73297 1
42279 1802 3
42279 14033 1
42279 49143 1
42279 75958 1
42279 73269 1
42279 62733 1
42343 1802 1
42343 19851 1
42857 99976 1
42906 3777 1
42906 17468 1
42906 18114 1
42906 42279 1
42906 70369 1
42906 87246 1
42906 73297 1
42906 1802 1
42906 19851 1
42906 61951 1
42906 62600 1
42906 66923 1
42906 73269 1
42906 23585 1
43006 99889 1
43053 17468 1
43053 87246 2
43053 65667 1
43053 47697 1
43202 72927 1
43202 3777 1
43202 6554 1
43202 35562 1
43202 73297 1
43202 61951 1
43202 73269 1
43202 59129 1
43202 47697 1
43509 73803 1
43509 93633 1
43610 16786 1
43610 6554 1
43610 24416 1
43610 87246 1
43610 93633 1
43610 73297 1
43610 1802 1
43610 24124 1
43610 61951 1
43610 85305 1
43610 73269 1
43669 73803 1
43669 89508 1
44462 16786 2
44462 72927 1
44462 3777 2
44462 18114 1
44462 24416 1
44462 28566 1
44462 42279 1
44462 53265 1
44462 73803 1
44462 1802 1
44462 14033 1
44462 73269 1
45105 18114 1
45105 24416 1
45327 16786 2
45327 62586 2
45327 3777 1
45327 6554 1
45327 12804 1
45327 17468 1
45327 18114 1
45327 24416 1
45327 42906 1
45327 46263 1
45327 59527 1
45327 70369 1
45327 73803 2
45327 99976 1
45327 73297 1
45327 1802 2
45327 14033 1
45327 23239 1
45327 36742 1
45327 49143 2
45327 61951 1
45327 62600 2
45327 73269 1
45327 14449 1
45327 48286 1
45327 92401 1
45327 53392 1
45327 48004 1
45327 2094 1
45327 17511 1
46122 1522 2
46122 6554 3
46122 8328 1
46122 17468 1
46122 18114 1
46122 24353 1
46122 42906 1
46122 59527 1
46122 70369 1
46122 73803 1
46122 87246 1
46122 93756 1
46122 94016 1
46122 99976 1
46122 1802 1
46122 5212 1
46122 62600 1
46122 99087 1
46122 3123 1
46122 23585 1
46122 29538 1
46122 9051 1
46122 12517 1
46122 13259 1
46122 35832 1
46122 64411 1
46122 79793 1
46122 25263 1
46122 52666 2
46122 71316 1
46122 67892 1
46122 19852 1
46122 20174 3
46122 21793 1
46122 25560 1
46122 46666 1
46122 71323 1
46122 71508 1
46122 85068 1
46263 87246 1
46494 6554 1
46494 12804 1
46494 73297 1
46494 1802 1
46736 75958 1
47597 61951 1
48139 73803 1
48139 2094 1
48907 16786 1
48907 6554 2
48907 12804 1
48907 73803 1
48907 93633 2
48907 73297 1
48907 61951 1
49000 18716 1
50188 28566 1
50188 73803 1
50188 73297 2
51255 93633 1
51255 73297 1
51900 12804 2
51900 53265 1
51900 49899 1
51900 73297 1
51900 1802 1
51900 23239 1
51900 19811 1
51900 51229 1
51920 99889 1
51921 16786 1
52285 6554 1
52285 99976 1
52285 1802 1
53260 28566 1
53265 16786 2
53265 1802 2
53265 14033 1
53265 49143 1
53265 63378 1
53270 16786 1
53270 72927 1
53270 6554 1
53270 12804 2
53270 24416 1
53270 51921 1
53270 70369 1
53270 73803 2
53270 93633 1
53270 94016 1
53270 73297 1
53270 1802 2
53270 73269 1
53270 92401 1
53270 71508 1
53705 62600 1
54148 99889 1
54207 75958 1
54771 73297 1
54911 12804 1
54911 24416 1
54911 73803 1
54911 87246 1
54911 95642 1
54911 73297 2
54911 61951 1
55346 16786 2
55346 12804 1
55346 18114 1
55346 24416 1
55346 42906 1
55346 73803 1
55346 94016 1
55346 73297 1
55346 1802 2
55346 19851 2
55346 61951 2
55346 67794 1
55346 73269 1
55346 29538 1
55346 47697 1
55346 25263 1
55346 74097 1
56404 16786 1
56404 73297 1
56404 99087 1
56471 17468 1
56471 21590 1
56471 32272 1
56471 94016 1
56471 61951 1
56471 52004 1
56471 92401 1
56471 76226 1
56471 17872 1
57225 12804 1
57473 12804 1
57473 17468 1
57473 18114 1
57473 24353 1
57473 24416 1
57473 87246 1
57473 93633 1
57473 1802 1
57473 61951 1
57473 62600 1
57473 85305 1
57473 61962 1
57473 73269 1
57473 23585 1
57473 29538 1
57473 9051 1
57473 12517 1
57473 13259 1
57473 35832 2
57473 37959 1
57473 79793 2
57473 52666 1
57473 22099 1
57473 46666 1
57473 65631 1
57473 75650 1
57720 62600 1
58201 12804 1
58201 1802 1
58201 67892 1
58243 1802 1
58567 12804 1
58567 73803 1
59527 6554 1
59527 49143 1
60305 73297 1
60305 24124 1
60305 61951 1
60711 12804 1
60711 87246 1
60711 94016 1
60711 61951 1
60711 2094 1
60727 43202 1
60881 73297 1
61775 49143 1
62288 42906 1
62288 87246 1
62288 62600 1
62288 5604 1
62891 73297 1
63289 85305 1
63289 88821 1
63503 61951 1
64065 16786 1
64065 62586 1
64065 1522 1
64065 12804 4
64065 14829 1
64065 17468 1
64065 24230 1
64065 24416 2
64065 31508 1
64065 42906 1
64065 70369 1
64065 73803 1
64065 76123 1
64065 87246 1
64065 94016 1
64065 99976 1
64065 49899 1
64065 73297 3
64065 1802 1
64065 23239 1
64065 61962 1
64065 23585 1
64065 29538 1
64065 9051 1
64065 35832 1
64065 37959 2
64065 64411 1
64065 79793 1
64065 1533 1
64065 67892 1
64065 21793 1
64065 71508 1
64065 85068 1
64065 2807 1
64065 22931 1
64065 29209 1
64065 33042 1
64065 40827 1
64065 67675 1
64356 17468 1
64487 73297 1
64487 1802 1
64531 16786 1
64531 61951 1
64540 99889 1
64666 73297 1
64794 99889 1
64907 87246 1
64970 72927 1
64970 6554 1
64970 46263 1
64970 85464 1
64970 93633 1
64970 1802 1
65292 6554 1
65905 16786 1
65905 43675 1
65905 72927 1
65905 3777 1
65905 17468 1
65905 28566 1
65905 42906 1
65905 44462 1
65905 53265 1
65905 73803 1
65905 87246 1
65905 93633 1
65905 1802 1
65905 49143 1
65905 53392 1
65905 34865 1
67190 69894 1
67251 6554 1
68577 89508 1
68741 73297 1
69552 24353 2
69773 16786 1
69773 6554 1
69773 73803 1
69773 14033 1
69773 59129 1
69773 48286 1
69826 49143 1
69924 73297 1
70233 18114 1
70233 24416 1
70233 73803 1
70233 99976 1
70233 23585 1
70233 35832 1
70233 64411 1
70233 79793 1
70233 67892 1
70358 99889 2
70369 16786 2
70369 62586 1
70369 72927 1
70369 1522 1
70369 3777 1
70369 6554 3
70369 17468 1
70369 18114 1
70369 24416 1
70369 28931 1
70369 42279 1
70369 42906 2
70369 46263 1
70369 53265 1
70369 73803 2
70369 87246 1
70369 93633 1
70369 93756 1
70369 94016 1
70369 99976 1
70369 73297 1
70369 1802 2
70369 14033 1
70369 19851 1
70369 49143 1
70369 61951 1
70369 3123 1
70369 52004 1
70369 84071 1
70369 65667 1
70369 74097 1
70369 50866 1
70369 21168 1
70369 68148 1
70507 21112 1
71048 73297 1
71268 61951 1
71857 73297 1
71857 1802 1
71857 14033 1
72695 73297 1
72787 29538 1
72969 16786 1
72969 6554 1
72969 73803 1
72969 73297 1
73005 73623 1
73360 72927 3
73360 1802 1
73360 74673 1
73711 16786 4
73711 72927 1
73711 6554 1
73711 12804 3
73711 17468 1
73711 18114 1
73711 24416 2
73711 28931 1
73711 31635 1
73711 32272 2
73711 42906 2
73711 44462 1
73711 51900 1
73711 51921 1
73711 53265 1
73711 55346 1
73711 59527 1
73711 60881 1
73711 70369 1
73711 73803 5
73711 76123 1
73711 87246 2
73711 93633 2
73711 94016 1
73711 95642 1
73711 99976 2
73711 49899 1
73711 73297 4
73711 1802 2
73711 14033 1
73711 19793 1
73711 19851 1
73711 23239 1
73711 36742 1
73711 49143 2
73711 61951 2
73711 14249 1
73711 23759 1
73711 73269 2
73711 14449 1
73711 66688 1
73711 29538 1
73711 48286 1
73711 76226 1
73711 25263 1
73711 53392 1
73711 74573 1
73711 85068 1
73711 75650 1
73711 74673 1
73711 79795 1
73803 16786 4
73803 62586 2
73803 3777 1
73803 12804 1
73803 24416 1
73803 42279 1
73803 45327 1
73803 94016 1
73803 99976 2
73803 1802 1
73803 36742 2
74759 72927 1
74904 59129 1
75035 99976 1
75274 3123 1
75274 84071 1
75274 35832 1
75274 79793 1
76123 29538 1
76198 99889 1
76669 16786 1
76669 12804 1
76669 24353 1
76669 24416 1
76669 32272 1
76669 59527 1
76669 94016 1
76669 99976 1
76669 73297 2
76669 36742 2
76669 73269 1
76669 84071 1
76669 51229 1
77687 6554 1
77687 59129 2
77687 25263 1
80795 12804 2
80795 87246 1
80795 99976 1
80795 73297 1
81873 24416 1
81980 12804 1
81980 17468 1
81980 29538 1
81980 35832 1
81980 37959 1
81980 79793 1
81980 21793 1
81980 25560 1
82594 99889 1
82614 73297 1
83109 23239 1
84580 1802 1
84983 28566 1
84983 1802 1
85464 17468 1
85464 93633 1
85464 21389 1
85464 36742 1
85464 61951 1
85464 73269 1
85464 23585 1
85464 79793 1
85464 25263 1
86619 12804 1
86755 1522 1
86755 6554 3
86755 8328 1
86755 12804 1
86755 17468 1
86755 18114 1
86755 24416 1
86755 28931 1
86755 34003 1
86755 35379 1
86755 51921 1
86755 70369 1
86755 87246 1
86755 89092 1
86755 93633 1
86755 93756 1
86755 94016 1
86755 95642 1
86755 99976 1
86755 1802 1
86755 19851 1
86755 21389 1
86755 49143 2
86755 61951 1
86755 62600 1
86755 85305 1
86755 3123 1
86755 73269 1
86755 29538 1
86755 48286 1
86755 9051 1
86755 13259 1
86755 35832 1
86755 37959 1
86755 64411 1
86755 1533 1
86755 52345 1
86755 95435 1
87028 17468 1
87109 16786 1
87109 72927 4
87109 6554 1
87109 8328 1
87109 17468 1
87109 18114 1
87109 24416 1
87109 35562 1
87109 73803 1
87109 87246 1
87109 93756 1
87109 73297 1
87109 1802 1
87109 23239 1
87109 62600 2
87109 66923 1
87109 14449 1
87109 13259 1
87109 21168 1
87246 1522 1
87246 3777 1
87246 6554 1
87246 12804 1
87246 17468 1
87246 35562 1
87246 40031 1
87246 42906 1
87246 62288 1
87246 93633 1
87246 93756 1
87246 99976 1
87246 73297 1
87246 66923 1
87246 12517 1
87246 5604 1
88467 99889 1
88591 76003 1
88733 51921 1
88733 81518 1
89092 16786 1
89092 23585 1
89508 78933 1
90052 24416 1
90212 48286 1
90306 18114 1
90306 24416 1
90306 29538 1
90306 35832 1
90306 79793 1
90475 3777 1
90475 6554 1
90475 17468 1
90475 31508 1
90475 45327 1
90475 51921 1
90475 73803 1
90475 99976 1
90475 1802 1
90475 19851 1
90475 61951 1
90475 62600 1
90475 35940 1
90863 60881 1
90863 73297 1
90863 23239 1
90863 62600 1
90863 14449 1
90863 21168 1
91128 12804 1
91128 96198 1
91128 14449 1
91596 25263 1
91777 6554 1
91777 31508 1
91777 81873 1
91777 19851 2
91777 61951 1
91777 62600 1
91777 29538 1
91777 71508 1
92127 72927 1
92127 24416 1
92234 32272 1
92272 72927 1
92853 12804 1
92853 73297 1
92853 36742 1
92853 61951 2
92976 72927 1
92976 3777 2
92976 18105 1
92976 49899 1
92976 73297 3
92976 36742 1
92976 14449 1
93293 6554 1
93633 9412 1
93756 16786 1
93756 3777 1
93756 6554 1
93756 12804 1
93756 17468 1
93756 18105 1
93756 18114 1
93756 28566 1
93756 28931 1
93756 42279 1
93756 43669 1
93756 44462 1
93756 46263 1
93756 73711 1
93756 73803 1
93756 81873 1
93756 87246 1
93756 92976 1
93756 94016 1
93756 73297 2
93756 19851 2
93756 21389 2
93756 52660 1
93756 61951 2
93756 62600 2
93756 66923 1
93756 99087 1
93756 73269 1
93756 84071 1
93756 29538 1
93756 48286 1
93756 92401 1
93756 65667 1
93756 47697 1
93756 13259 1
93756 35832 1
93756 37959 1
93756 64411 1
93756 79793 1
93756 67892 1
93756 75650 1
93756 74673 1
93756 14563 1
93756 23573 1
93756 40131 1
93756 49835 1
93756 58609 1
94016 1802 1
94016 47697 1
94189 1802 1
95513 17468 1
95513 18114 1
95513 24416 2
95513 28566 1
95513 43509 1
95513 87246 2
95513 14033 1
95513 85305 1
95513 73269 1
95513 23585 1
95513 76226 1
95642 16786 1
95642 6554 1
95642 12804 1
95642 24416 2
95642 99976 1
95642 36742 1
95890 17468 1
95890 87246 1
95890 1802 1
95890 49143 1
95890 61951 1
95890 12517 1
96053 12804 1
96053 14449 1
96123 12804 1
96663 12804 1
96663 17468 1
96723 73297 1
98254 16786 1
98254 6554 1
98254 12804 1
98254 18114 1
98254 73803 1
98254 95642 1
98254 61951 1
98254 92401 1
98254 76226 1
98484 17468 1
98484 18114 1
98484 42906 1
98484 60881 1
98484 85464 1
98484 87246 1
98484 1802 1
98484 62600 1
98484 25263 1
98484 23573 1
98992 72927 1
99237 53265 1
99237 36742 1
99237 62600 2
99237 73269 1
99237 98891 1
99678 17468 1
99976 16786 4
99976 62586 1
99976 1522 2
99976 3777 1
99976 6554 5
99976 11690 1
99976 12804 5
99976 17468 3
99976 18114 1
99976 24353 1
99976 24416 3
99976 24418 1
99976 28566 1
99976 28931 1
99976 31635 3
99976 32272 1
99976 35379 1
99976 35615 1
99976 42279 3
99976 42906 1
99976 46494 1
99976 51900 1
99976 51921 1
99976 52285 1
99976 53265 2
99976 60881 1
99976 64907 1
99976 65905 1
99976 70369 1
99976 71268 1
99976 73711 2
99976 73803 5
99976 87246 2
99976 93633 3
99976 93756 1
99976 94016 1
99976 96663 1
99976 73297 2
99976 1802 7
99976 5212 1
99976 14033 2
99976 19851 1
99976 21389 2
99976 22925 1
99976 23239 1
99976 24124 1
99976 33611 1
99976 36742 5
99976 49143 1
99976 61951 4
99976 62600 2
99976 75958 2
99976 85305 1
99976 99087 1
99976 3123 2
99976 23759 2
99976 61962 1
99976 73269 2
99976 59129 2
99976 23585 3
99976 29538 1
99976 48286 2
99976 48572 1
99976 92401 2
99976 47697 3
99976 9051 1
99976 12517 1
99976 13259 1
99976 35832 1
99976 37959 1
99976 79793 1
99976 76003 1
99976 76226 1
99976 52666 1
99976 35940 1
99976 68148 1
99976 48004 1
99976 52512 1
99976 67892 1
99976 20174 1
99976 21793 1
99976 25560 2
99976 71323 1
99976 71508 1
99976 75650 1
99976 29209 1
99976 33042 1
99976 74673 1
99976 14563 1
99976 49835 1
99976 8092 1
99976 8773 1
99976 12793 1
99976 19020 1
99976 32461 1
99976 45611 1
99976 60859 1
99976 63773 1
99976 84167 1
99976 85194 1
99976 85545 1
