504 6554 -1
504 15101 -1
504 38803 -2
504 59534 -2
504 62979 -1
504 86775 -2
504 97470 -1
2179 12183 -1
2643 53265 -3
2643 18105 -1
2643 51223 -1
2643 11691 1
4237 65667 -1
5279 2179 1
5279 22405 1
5279 53265 -3
5279 61314 2
5279 71857 -2
5279 394 -1
5279 18249 -1
5279 24353 -1
5279 24416 -1
5279 28566 -2
5279 35562 -2
5279 43053 -1
5279 44462 -2
5279 60127 -1
5279 75958 -2
5279 87581 -1
5279 38803 -1
5279 86775 -7
5279 12183 -1
5279 51223 -6
5279 14033 -1
5279 15951 -1
5279 18114 -3
5279 22522 -1
5279 23239 -1
5279 23573 -1
5279 33611 -1
5279 38556 -1
5279 44322 -1
5279 49143 -1
5279 57854 -5
5279 62600 -2
5279 70806 -2
5279 73367 -1
5279 76123 -1
5279 88114 -1
5279 97188 -1
6382 14455 -1
6382 26897 -1
6382 92401 -1
11604 86775 -1
11810 60127 -1
11810 38803 -1
11810 96983 -1
11810 17014 1
13055 14829 -3
13055 59049 1
13055 6554 -1
13055 31635 -1
13055 46263 -1
13055 60127 -1
13055 38803 -1
13055 86775 -5
13055 23239 -1
13055 92401 -1
13055 14449 -1
13055 21389 -1
13055 24124 -1
13055 54426 -1
13055 54465 -1
13055 60279 -1
13055 85194 -1
13055 64177 1
13055 99889 1
13327 11691 -1
13785 86775 -1
14492 51223 -1
14829 6554 1
14829 46263 1
14829 38803 1
14829 15951 1
14829 14449 1
14829 85194 1
14829 91965 -1
14829 66005 1
14867 49143 -1
14867 88114 -1
16851 75958 -1
17012 86775 -1
17264 49143 -1
20320 90052 -1
20606 61057 1
20606 12183 -1
21523 61057 1
21523 71929 1
21523 46263 -1
21523 62979 -1
21523 51223 -1
21523 14455 -1
21523 91583 -1
21523 19888 1
22405 23898 -1
22405 53265 -19
22405 71857 -4
22405 394 -3
22405 7608 -3
22405 8328 -1
22405 16786 -3
22405 18249 -2
22405 18507 -1
22405 28566 -2
22405 31635 -2
22405 37716 -1
22405 42906 -1
22405 43053 -1
22405 44462 -1
22405 46263 -1
22405 51921 -1
22405 52285 -1
22405 56091 -1
22405 60127 -3
22405 75958 -12
22405 87581 -13
22405 89770 -2
22405 90052 -1
22405 91596 -4
22405 38803 -4
22405 86775 -11
22405 97470 -1
22405 12183 -5
22405 51223 -5
22405 14033 -1
22405 18114 -1
22405 22522 -1
22405 23239 -2
22405 38556 -3
22405 49143 -1
22405 70806 -1
22405 73367 -2
22405 14455 -4
22405 26897 -2
22405 21389 -1
22405 2494 -1
22405 2740 -1
22405 3123 -1
22405 5188 -1
22405 9088 -1
22405 11712 -1
22405 14249 -1
22405 14563 -2
22405 18164 -1
22405 19135 -1
22405 23759 -1
22405 25263 -1
22405 29538 -1
22405 35172 -1
22405 39352 -3
22405 39568 -1
22405 43693 -3
22405 43919 -1
22405 44855 -1
22405 48286 -4
22405 48572 -1
22405 48621 -1
22405 49899 -1
22405 52004 -2
22405 53557 -2
22405 59789 -1
22405 60002 -1
22405 63195 -1
22405 71508 -1
22405 74097 -1
22405 76003 -4
22405 79486 -1
22405 79954 -1
22405 86064 -1
22405 88632 -1
22405 91629 -8
22405 92024 -1
22405 92136 -1
22405 94832 -1
22405 96198 -1
23381 53265 -1
23381 59049 3
23381 61314 1
23381 71857 -1
23381 394 -1
23381 680 -1
23381 6554 -1
23381 16786 -1
23381 34084 -1
23381 46263 -1
23381 56091 -1
23381 60127 -1
23381 38803 -2
23381 12183 -1
23381 51223 -2
23381 33611 -1
23381 49143 -1
23381 70806 -1
23381 14455 -2
23381 26897 -2
23381 92401 -2
23381 14449 -1
23381 24124 -3
23381 11691 3
23381 3123 -1
23381 14563 -1
23381 96198 -1
23381 1802 -1
23381 6372 -1
23381 35867 -1
23381 40524 -1
23381 61467 -1
23381 78933 -1
23381 93896 1
23382 86775 -1
23382 21389 -1
23898 53265 1
23898 59049 -1
23898 71857 1
23898 71892 1
23898 1522 1
23898 7608 1
23898 16786 2
23898 17468 1
23898 18249 1
23898 24157 1
23898 24230 1
23898 24416 1
23898 35379 2
23898 42906 1
23898 44462 1
23898 46263 1
23898 51921 1
23898 52345 1
23898 60127 2
23898 87581 1
23898 38803 1
23898 12183 3
23898 51223 3
23898 18114 1
23898 23239 2
23898 33611 1
23898 49143 1
23898 62600 2
23898 14455 5
23898 92401 1
23898 24124 1
23898 3123 1
23898 14563 1
23898 29538 1
23898 35172 1
23898 39352 2
23898 43919 1
23898 48286 1
23898 48621 1
23898 52004 1
23898 74097 1
23898 76003 1
23898 96198 1
23898 19888 -1
23898 61962 1
23898 94384 1
23898 12793 1
23898 22050 1
23898 79793 1
23898 97627 1
23898 35832 1
23898 1533 1
23898 60246 1
23898 43202 1
23914 38803 -2
23914 76003 -1
23914 3715 -1
25472 2179 1
25472 394 -1
25472 18249 -1
25472 75958 -1
25472 86775 -1
25582 53265 -1
25582 18249 -1
25582 46263 -1
25582 60127 -1
25582 75958 -2
25582 86775 -1
25582 12183 -1
25582 70806 -1
25582 88114 -1
27575 61314 1
27575 68535 1
27575 88787 1
27575 680 -1
27575 9412 -2
27575 42906 -1
27575 46263 -1
27575 51921 -1
27575 60127 -1
27575 86775 -1
27575 51223 -1
27575 33611 -1
27575 26897 -3
27575 92401 -2
27575 11691 1
27575 35172 -1
27575 96198 -2
27575 12422 -1
27575 60761 -1
27575 95075 -1
27575 80366 2
30100 38803 -3
30100 86775 -1
30100 1802 -1
30100 77775 -1
30108 53265 -1
31634 16786 1
31634 38803 2
31634 51223 1
31634 62600 1
31634 11691 -2
31634 76003 1
35761 90212 -1
35788 2179 1
35788 14829 -1
35788 12183 -1
35788 14449 -1
36503 72270 1
36503 680 -1
36503 14310 -1
36503 60127 -3
36503 90052 -1
36503 38803 -1
36503 86775 -3
36503 22522 -1
36503 23239 -1
36503 29538 -1
36503 49899 -1
36503 61962 -1
36503 17014 1
38813 61314 -1
38813 38803 1
39265 38803 -2
39265 33409 -1
39458 39265 1
39458 20162 -1
39458 38803 -2
39458 12183 -1
39458 51223 -1
40861 72270 1
40861 62600 -1
41782 36419 -1
41846 23239 -1
43006 60881 -1
43006 75650 -2
47349 35172 -1
52557 6554 -1
52557 11691 1
52557 63419 -1
53265 16786 1
53265 24416 1
53265 35379 1
53265 44462 1
53265 75958 2
53265 87581 2
53265 38803 1
53265 12183 1
53265 51223 1
53265 62600 2
53265 24124 2
53265 19888 -2
53270 72927 1
53270 1522 1
53270 16786 1
53270 24416 1
53270 56091 1
53270 60127 1
53270 87581 1
53270 86775 1
53270 12183 1
53270 51223 1
53270 62600 1
53270 14455 1
53270 71508 1
53270 91629 1
53270 1802 1
53270 15725 -1
53793 38803 -1
53793 23239 -1
53985 24416 -1
53985 43053 -1
53985 60127 -1
53985 86775 -1
53985 12183 -1
53985 14563 -1
53985 1802 -1
53985 61962 -1
56874 8328 -1
56874 18249 -1
57272 6554 -1
57272 97470 -1
57272 49143 -1
57272 14449 -2
59049 23898 -1
59049 61314 2
59049 72270 1
59049 394 -1
59049 6554 -1
59049 60127 -1
59049 49143 -3
59049 62600 -2
59049 26897 -2
59049 3123 -2
59049 86004 -1
59049 99889 1
60776 6554 -1
60776 86775 -1
61057 86775 -2
61057 26897 -1
61314 20162 -1
61314 75958 -2
61314 51223 -1
61314 33611 -1
61314 49143 -1
61561 61314 -1
61561 71892 1
61561 1522 1
61561 16786 1
61561 18249 1
61561 24416 1
61561 27841 1
61561 42906 2
61561 51921 1
61561 52285 2
61561 38803 3
61561 12183 3
61561 51223 5
61561 23239 1
61561 49143 1
61561 62600 1
61561 73367 1
61561 14455 2
61561 92401 1
61561 24124 1
61561 29538 1
61561 74097 1
61561 76003 1
61561 96198 1
61561 79793 1
61561 90036 1
64058 7608 -1
64058 24124 -1
64970 27575 -1
64970 51223 1
64970 49143 1
68535 75958 -1
68535 26897 -1
68535 92401 -1
69268 38803 -1
71857 23898 1
71857 53265 3
71857 59049 -1
71857 1522 1
71857 6554 1
71857 16786 1
71857 17468 1
71857 24416 1
71857 31635 1
71857 34084 1
71857 35379 2
71857 42343 1
71857 42906 1
71857 44462 2
71857 51921 1
71857 52285 1
71857 52345 2
71857 56091 1
71857 60127 1
71857 70369 1
71857 73803 1
71857 87581 2
71857 99395 1
71857 38803 7
71857 86775 1
71857 12183 3
71857 51223 4
71857 14033 2
71857 23239 1
71857 49143 2
71857 62600 2
71857 14455 1
71857 11691 -1
71857 14563 1
71857 39352 1
71857 43919 1
71857 48286 2
71857 71508 1
71857 76003 1
71857 95075 1
71857 61962 1
71857 9671 1
71892 14829 1
71892 59049 -1
71892 72927 2
71892 1522 4
71892 6554 1
71892 16786 1
71892 24416 1
71892 52345 1
71892 60127 2
71892 85464 1
71892 38803 2
71892 51223 1
71892 23239 2
71892 14455 1
71892 26897 1
71892 3123 1
71892 1802 1
71892 12271 1
71929 14829 1
71929 71892 5
71929 1522 2
71929 6554 1
71929 7608 1
71929 13198 1
71929 24416 4
71929 25347 1
71929 31635 1
71929 35379 6
71929 40031 1
71929 49835 1
71929 54685 1
71929 60127 1
71929 67190 3
71929 70369 1
71929 38803 1
71929 59534 1
71929 86775 1
71929 12183 5
71929 51223 3
71929 23239 1
71929 49143 1
71929 62600 1
71929 14455 7
71929 92401 3
71929 24124 5
71929 85194 3
71929 14563 2
71929 25263 1
71929 29538 1
71929 48286 1
71929 74097 1
71929 6033 -1
71929 31457 -1
71929 33257 1
71929 37611 2
71929 79793 1
71929 84071 1
71929 9671 2
71929 65631 1
71929 9051 1
71929 12804 1
71929 43669 1
71929 19077 1
71929 20284 1
71929 42569 1
71929 64907 1
71929 71513 1
71929 83453 1
72270 14829 -1
72270 23898 -1
72270 36503 1
72270 53265 -5
72270 59049 5
72270 71857 -1
72270 72927 -1
72270 6554 -1
72270 7608 -1
72270 24416 -3
72270 34084 -1
72270 35562 -1
72270 42906 -1
72270 46263 -3
72270 52285 -1
72270 60127 -5
72270 74573 -1
72270 90052 -1
72270 38803 -4
72270 86775 -6
72270 12183 -4
72270 18105 -2
72270 51223 -1
72270 22522 -1
72270 23239 -1
72270 38556 -1
72270 57854 -2
72270 62600 -3
72270 70806 -1
72270 14455 -1
72270 26897 -1
72270 24124 -2
72270 11691 1
72270 43919 -1
72270 71508 -1
72270 96198 -1
72270 77775 -1
72270 61962 -1
72270 85914 -1
72927 71892 1
72927 1522 1
72927 11691 -1
75721 46263 -1
75721 67190 -1
75721 75958 -1
75721 90052 -1
75721 12183 -1
75721 62600 -1
75721 14455 -1
75721 12422 -1
75721 53523 -1
75721 94384 -1
75721 34577 1
84452 75958 -1
84452 86775 -2
88787 53265 -1
88787 59049 1
88787 24416 -1
88787 67190 -1
88787 38803 -3
88787 14455 -1
88787 92401 -1
88787 24124 -2
89518 72927 -1
89518 6554 -1
89518 60761 -1
89518 12793 -1
89518 40806 -1
89518 50855 -1
89518 53631 -1
97802 46263 -1
99237 7608 -1
99288 7608 -1
99288 75650 -1
99288 53392 -1
99694 7608 -1
99694 46263 -1
99694 12183 -1
99694 26897 -1
99694 75650 -1
99694 22841 -1
310 38803 1
310 51223 1
310 1802 1
394 87581 1
394 51223 1
650 14829 2
650 23898 1
650 53265 1
650 71857 1
650 71892 3
650 71929 2
650 72927 1
650 1522 2
650 6554 3
650 7608 2
650 11177 1
650 13198 1
650 16786 1
650 17468 2
650 24230 1
650 24416 3
650 35379 1
650 35562 1
650 42906 1
650 44462 1
650 46263 1
650 51921 1
650 52285 1
650 52345 1
650 60127 4
650 70369 1
650 75958 1
650 87581 1
650 99395 1
650 38803 4
650 86775 1
650 12183 2
650 51223 1
650 18114 1
650 23239 2
650 33611 1
650 49143 1
650 62600 3
650 14455 2
650 14449 1
650 24124 2
650 54465 1
650 14563 2
650 25263 1
650 29538 2
650 48286 1
650 52004 1
650 76003 1
650 86064 1
650 1802 1
650 61962 2
650 94384 1
650 4436 1
650 14806 1
650 22050 1
650 31508 1
650 33257 1
650 37611 1
650 79793 1
650 84071 1
650 85305 1
650 94760 1
650 97627 1
650 99388 1
680 38803 1
680 23239 1
680 49143 1
680 36419 1
755 60127 1
755 51223 1
755 65667 1
755 14455 1
755 1802 1
1101 6554 1
1101 7608 1
1101 16786 2
1101 75958 1
1101 87581 1
1101 38803 3
1101 86775 1
1101 12183 2
1101 49143 1
1101 14455 2
1101 14563 1
1101 76003 1
1101 22050 1
1351 38803 1
1416 40031 1
1522 71892 2
1522 72927 1
1522 16786 1
1522 17468 1
1522 24416 1
1522 35379 1
1522 37716 1
1522 60127 1
1522 38803 1
1522 86775 1
1522 12183 1
1522 51223 2
1522 65667 1
1522 23239 1
1522 62600 1
1522 14455 1
1522 24124 1
1522 3123 1
1522 14563 1
1522 29538 1
1522 48286 1
1522 53392 1
1522 79793 1
1522 97627 1
1522 9671 1
1522 21793 1
1522 35832 1
1522 65631 1
1522 68563 1
1522 90036 1
1780 76003 1
3039 38803 3
3039 39352 1
3039 91629 1
3654 51223 1
3654 23239 1
3654 14449 1
3670 51223 1
3670 49143 1
3670 51229 1
3777 38803 1
3777 23239 1
3777 49143 1
3777 62600 1
3972 42906 1
3972 12183 1
4638 38803 1
5052 49143 1
5267 23898 1
5267 16786 2
5267 87581 5
5267 38803 2
5267 12183 1
5267 14455 1
5267 92401 1
5267 24124 1
5267 23759 1
5267 35172 1
5267 97627 2
5267 46352 1
6146 38803 1
6146 23239 1
6146 24124 1
6146 14563 1
6146 97627 1
6194 12183 1
6516 53265 1
6516 71857 1
6516 37716 1
6516 60127 1
6516 38803 3
6516 12183 2
6516 51223 1
6516 49143 1
6516 62600 2
6516 14455 2
6516 24124 1
6516 54465 1
6516 14563 2
6516 29538 1
6516 48286 1
6516 76003 1
6516 79793 1
6516 35832 1
6516 9051 1
6554 38803 1
7608 6554 1
7608 51223 2
8183 38803 2
8183 29538 1
8328 38803 1
8328 12183 1
8328 51223 1
8328 62600 1
9122 38803 1
9138 49143 1
9412 92401 1
9450 38803 1
9450 1802 1
9743 38803 1
9743 12183 1
9743 51223 1
9743 14449 1
9825 51223 1
9825 62600 1
10303 6554 1
10303 52345 1
10303 87581 1
10303 38803 1
10303 62600 1
10303 25263 1
10303 48286 1
10303 76003 1
10303 94832 1
10457 38803 1
10664 79793 1
11066 12183 1
11066 62600 1
11177 38803 1
11177 86064 1
11177 97627 1
12037 79793 1
13018 42906 1
13018 38803 1
13018 14455 1
13198 6554 1
13198 24416 1
13198 60127 1
13198 38803 1
13198 12183 1
13198 51223 2
13198 23239 1
13198 49143 1
13198 62600 1
13198 14455 1
13198 24124 1
13198 48286 1
13198 37611 1
13198 97627 1
13198 90036 1
14048 37716 1
14048 90212 1
14048 12183 1
14048 62600 1
14048 14563 1
14048 29538 1
14048 79793 1
14048 84071 1
14048 35832 1
14048 65631 1
14048 1533 1
14048 13259 1
14048 25560 1
14048 60246 1
14048 82621 1
14164 16786 1
14164 44462 1
14164 87581 4
14164 38803 4
14164 12183 1
14164 14033 1
14164 23239 2
14164 49143 1
14164 62600 1
14164 73367 1
14164 14455 1
14164 14563 1
14164 76003 2
14164 97627 1
14310 38803 1
14310 29538 1
14846 6554 1
14846 51223 1
15101 71892 1
15101 6554 1
15101 52345 1
15101 12183 1
15156 16786 1
15156 62600 1
15156 2459 1
15583 12183 1
15619 38803 1
16786 14455 1
16879 97627 1
17468 6554 1
17468 38803 1
17468 51223 1
17468 18114 1
17468 23239 1
17468 62600 1
17468 14563 1
17468 79793 1
17750 70369 1
17750 87581 1
17750 38803 3
17750 51223 1
17750 14455 1
18028 24124 1
18249 53265 1
18249 7608 1
18249 16786 1
18249 17468 1
18249 35379 1
18249 44462 1
18249 49835 1
18249 75958 1
18249 87581 2
18249 38803 2
18249 12183 1
18249 51223 2
18249 23239 1
18249 49143 1
18249 62600 1
18249 14455 1
18249 14563 2
18249 29538 1
18249 52004 1
18249 79793 1
18249 65643 1
18351 46263 1
18351 51223 1
18351 62600 1
18351 91583 1
18507 75958 1
18507 12183 1
18507 14455 1
18507 14563 1
18507 97627 1
19055 87581 1
19268 51223 1
19268 14455 1
20115 1522 2
20115 6554 1
20115 7608 1
20115 16786 1
20115 17468 1
20115 39147 1
20115 44462 2
20115 52345 1
20115 59429 1
20115 60127 1
20115 75958 1
20115 87581 2
20115 38803 2
20115 86775 1
20115 12183 3
20115 51223 2
20115 23239 1
20115 62600 1
20115 73367 1
20115 14455 1
20115 24124 1
20115 2494 1
20115 3123 1
20115 14563 1
20115 23759 1
20115 29538 1
20115 39352 1
20115 71508 1
20115 76003 1
20115 96198 1
20115 79793 1
20115 97627 2
20115 9671 1
20115 35832 1
20115 65631 1
20115 68563 1
20115 90036 1
20115 25560 1
20115 60246 1
20115 21590 1
20115 35940 1
20115 83667 1
20162 51223 1
20412 38803 1
21552 51223 1
24157 38803 1
24230 53265 1
24230 71857 1
24230 71892 1
24230 35379 1
24230 52345 1
24230 38803 3
24230 12183 1
24230 23239 1
24230 62600 1
24230 29538 1
24230 1802 1
24230 81873 1
24353 1522 1
24353 18249 1
24353 24416 1
24353 42906 1
24353 44462 1
24353 75958 1
24353 38803 2
24353 12183 2
24353 51223 1
24353 18114 1
24353 23239 1
24353 62600 1
24353 14455 1
24353 26897 1
24353 14449 1
24353 54465 1
24353 14563 1
24353 29538 1
24353 35172 1
24353 48286 1
24353 1802 1
24353 61962 1
24353 79793 1
24353 35832 1
24353 65631 1
24353 12804 1
24353 43669 1
24353 79389 1
24416 71929 1
24416 6554 1
24416 7608 1
24416 35379 1
24416 52345 1
24416 60127 1
24416 75958 1
24416 38803 1
24416 86775 1
24416 12183 1
24416 51223 1
24416 23239 2
24416 33611 1
24416 49143 2
24416 62600 1
24416 14455 1
24416 24124 4
24416 14563 1
24416 29538 1
24416 74097 1
24416 96198 1
24416 84071 2
24416 35832 1
24416 1533 1
24416 12804 1
24416 18290 1
24418 35379 1
24418 38803 1
24418 62600 1
24418 91629 3
25201 52285 1
25201 75958 2
25201 87581 1
25201 38803 1
25201 12183 2
25201 49143 1
25201 9191 3
25347 24416 1
25347 51921 1
25347 87581 1
25347 12183 2
25347 14455 1
25347 97627 1
25705 14455 1
26848 6554 1
26848 42906 1
26848 75958 1
26848 85464 1
26848 87581 3
26848 12183 1
26848 23239 1
26848 74097 1
26848 76003 1
26848 96198 1
26848 1802 1
26848 21168 1
26848 60604 1
26848 73843 1
27841 51223 1
27841 79793 1
27841 84071 1
28295 51223 1
28566 28647 1
28566 35379 1
28580 59534 1
28647 51223 1
28647 14455 1
28721 12183 1
28741 38803 1
28931 38803 1
28931 12183 1
28931 62600 1
29427 12183 1
29427 51223 1
31635 7608 1
31635 38803 1
31635 23239 1
31635 2494 1
33320 79793 1
33320 35832 1
33435 28566 1
33435 51921 1
33435 52345 1
33435 38803 1
33435 12183 1
33435 62600 1
33435 11712 1
33981 53265 1
33981 73367 1
34003 14829 1
34003 51223 1
34003 23239 1
34003 62600 1
34003 73367 1
34003 29538 1
34084 38803 1
34084 62600 1
34098 51223 1
34333 1522 1
34333 6554 2
34333 18249 1
34333 24416 1
34333 40031 1
34333 44462 1
34333 60127 1
34333 60881 1
34333 75958 1
34333 38803 3
34333 86775 1
34333 12183 2
34333 51223 1
34333 23239 1
34333 62600 2
34333 14449 1
34333 3123 1
34333 14563 1
34333 96198 1
34333 53392 1
34333 79793 1
34333 9051 1
34333 1533 1
34333 25560 1
34333 99976 1
34488 51223 1
34764 71892 3
34764 1522 1
34764 24416 1
34764 46263 1
34764 60881 1
34764 64594 1
34764 85464 1
34764 38803 1
34764 23239 2
34764 62600 1
34764 14455 1
34764 24124 1
34764 2494 1
34764 84071 1
34764 84167 1
35379 24230 1
35379 87581 1
35379 38803 1
35379 12183 1
35379 51223 1
35379 14455 1
35379 14563 1
35379 29538 1
35379 79793 1
35379 35832 1
35562 71857 1
35562 38803 1
36828 38803 1
37066 38803 1
37181 62600 1
37181 61962 1
37716 53265 1
37716 16786 1
37716 75958 1
37716 87581 1
37716 38803 1
37716 51223 1
37716 14455 1
37716 14563 1
37716 76003 1
37716 61962 1
37716 79793 1
37716 97627 1
37836 38803 1
38207 76003 1
38593 53265 2
38593 44462 2
38593 60127 1
38593 75958 1
38593 87581 2
38593 38803 2
38593 49143 1
38593 76003 1
38593 91629 1
38671 71892 1
38671 62704 1
38671 14455 1
38671 413 1
38956 38803 2
39147 62600 1
40031 47597 2
40031 52345 1
40031 12183 1
40031 51223 1
40031 76003 1
40164 38803 1
40164 51223 1
40833 62600 1
40949 51223 1
42228 71857 1
42228 38803 2
42228 86775 1
42228 51223 1
42228 49143 1
42228 62600 1
42228 29538 1
42228 61962 1
42343 42906 1
42343 87581 1
42343 38803 1
42343 51223 2
42906 1522 1
42906 56091 1
42906 60127 1
42906 38803 2
42906 86775 1
42906 12183 2
42906 51223 2
42906 23239 1
42906 62600 1
42906 14455 1
42906 14563 1
42906 1802 1
42906 79793 1
42906 84071 1
43053 53265 1
43053 1522 2
43053 16786 1
43053 17468 1
43053 18507 1
43053 24353 1
43053 24416 1
43053 35379 1
43053 38956 1
43053 44462 2
43053 51921 1
43053 52285 1
43053 52345 1
43053 52512 1
43053 60127 1
43053 60881 1
43053 70369 1
43053 73803 1
43053 87581 1
43053 38803 5
43053 86775 1
43053 12183 2
43053 51223 1
43053 23239 1
43053 49143 1
43053 62600 2
43053 73367 1
43053 14455 1
43053 14449 1
43053 24124 1
43053 3123 2
43053 14563 2
43053 29538 2
43053 35172 2
43053 39352 2
43053 49899 1
43053 52004 1
43053 71508 1
43053 76003 1
43053 12793 1
43053 79793 1
43053 97627 2
43053 35832 1
43053 68563 1
43053 13259 1
43053 25560 1
43053 12517 1
43053 46666 1
43053 58364 1
43053 59595 1
43053 76226 1
43053 85544 1
43299 7608 1
43299 38803 2
43610 6554 1
43645 73367 1
44462 53265 3
44462 71857 1
44462 71892 1
44462 1522 1
44462 6554 1
44462 16786 3
44462 31635 1
44462 42906 1
44462 52345 1
44462 60127 1
44462 75958 2
44462 87581 6
44462 38803 4
44462 86775 1
44462 12183 1
44462 51223 1
44462 14033 1
44462 23239 3
44462 49143 1
44462 62600 1
44462 73367 1
44462 14455 3
44462 14563 1
44462 35172 1
44462 39352 1
44462 48286 1
44462 97627 1
44462 60859 1
45070 49143 1
45660 1802 1
46205 11691 1
46223 51223 1
46263 51223 1
46862 53265 1
47597 40031 2
47597 51223 1
48139 71929 1
48139 1522 1
48139 6554 1
48139 35379 1
48139 49835 1
48139 52345 1
48139 38803 2
48139 12183 1
48139 14563 1
48139 1802 1
48650 62600 1
48650 91629 2
49000 17468 1
49000 38803 1
49000 12183 1
49000 51223 1
49000 23239 1
49000 49143 1
49000 62600 1
49000 29538 1
49000 74097 1
49000 79793 2
49000 97627 1
49000 9671 1
49000 90036 1
49835 38803 1
49835 12183 1
50208 38803 1
50208 96198 1
51782 38803 1
51782 29538 1
51782 79793 1
51782 35832 1
51782 1533 1
51921 394 1
51921 38803 1
51921 97627 1
52285 16786 1
52285 75958 1
52285 38803 1
52285 12183 1
52285 49143 1
52285 14455 1
52345 23898 1
52345 6554 1
52345 70369 1
52345 38803 3
52345 12183 1
52345 51223 1
52345 49143 1
52345 62600 1
52345 25263 1
52345 12793 1
52345 97627 1
52512 38803 1
52881 51223 1
52881 73269 1
53260 38803 1
53454 51223 1
54207 15951 1
54207 76003 1
54207 79793 1
54207 9051 1
54278 87581 1
54685 71892 1
54685 71929 1
54685 1522 1
54685 7608 1
54685 17468 1
54685 18249 1
54685 24416 1
54685 37716 1
54685 60127 1
54685 38803 1
54685 86775 1
54685 12183 1
54685 51223 1
54685 62600 1
54685 14455 1
54685 14449 1
54685 24124 1
54685 3123 1
54685 14563 2
54685 37611 1
54685 79793 1
54685 97627 1
54685 35832 1
54685 65631 1
54685 90036 1
54685 1533 1
54685 13259 1
54685 21590 1
54685 46666 1
54685 2314 1
54685 23585 1
54685 52018 1
54685 58609 1
56091 38803 1
56091 51223 1
56091 14455 1
56183 14563 1
56491 38803 1
57113 65667 1
57113 23239 1
57473 52345 1
57473 12183 1
57473 51223 1
57473 29538 1
57473 79793 1
57491 16786 1
57585 38803 2
57585 12183 1
57585 62600 1
57585 14455 1
57585 14563 1
57585 97627 1
58857 51223 1
59429 38803 1
59429 12183 1
60127 42906 1
60127 38803 1
60127 12183 1
60127 51223 2
60127 23239 1
60305 71892 1
60305 1522 1
60305 24416 1
60305 34764 1
60305 44462 1
60305 46263 1
60305 60127 1
60305 98484 1
60305 38803 1
60305 12183 1
60305 51223 2
60305 14455 1
60305 26897 1
60305 92401 1
60305 14563 1
60305 96198 1
60305 61951 1
60711 6554 1
60711 38803 2
60711 48621 1
60752 23239 1
60881 7608 1
60881 44462 1
60881 56091 1
60881 87581 1
60881 38803 2
60881 12183 1
60881 51223 1
60881 23239 1
60881 49143 1
60881 62600 1
60881 14449 1
60881 14563 1
60881 75650 1
60881 53392 1
60881 79793 1
60881 9671 1
60881 65631 1
61690 38803 1
61690 14563 1
62380 51223 1
62704 53265 1
62704 71857 1
62704 1522 2
62704 6554 1
62704 7608 1
62704 16786 1
62704 17468 1
62704 18249 1
62704 24230 1
62704 24416 2
62704 35379 3
62704 37716 1
62704 42906 1
62704 49835 1
62704 51921 1
62704 52345 1
62704 56183 1
62704 60127 1
62704 75958 1
62704 38803 3
62704 12183 3
62704 51223 3
62704 23239 2
62704 49143 1
62704 62600 1
62704 14455 2
62704 14449 1
62704 2494 1
62704 3123 1
62704 14563 3
62704 29538 1
62704 35172 1
62704 48621 1
62704 71508 1
62704 76003 1
62704 61962 1
62704 22050 1
62704 31508 1
62704 79793 1
62704 9671 1
62704 35832 1
62704 65631 1
62704 68563 1
62704 90036 1
62704 13259 1
62704 23585 1
62704 61951 1
62704 20174 1
62704 35223 1
63132 38803 1
63503 38803 1
63503 23239 1
63547 27575 1
63937 51223 1
63937 2494 1
64065 6554 1
64065 87581 1
64065 38803 1
64065 14449 1
64065 2494 2
64065 14563 1
64065 48286 1
64065 74097 1
64065 84071 1
64065 65631 1
64065 32461 1
64594 60127 1
64594 85464 1
64594 51223 1
64594 14455 1
64594 92401 1
65415 6554 1
66197 51223 1
67190 14455 1
67251 81873 1
67251 89508 1
67973 38803 1
68213 12271 1
69552 24353 1
69552 38803 1
69552 62600 1
69644 87581 1
69644 76003 1
69773 53265 2
69773 16786 3
69773 24230 1
69773 42906 1
69773 44462 1
69773 51921 1
69773 52285 1
69773 73803 1
69773 87581 3
69773 38803 3
69773 86775 1
69773 12183 2
69773 51223 3
69773 23239 2
69773 62600 1
69773 14455 1
69773 14563 2
69773 35172 1
69773 39352 1
69773 48286 1
69773 76003 2
69773 12793 1
69773 94760 1
69773 97627 3
69773 66005 1
69924 3777 1
69924 51223 1
69924 97627 1
70169 6554 1
70369 53265 1
70369 6554 1
70369 17468 1
70369 24230 1
70369 24416 1
70369 35379 1
70369 46263 1
70369 51921 1
70369 52345 3
70369 38803 4
70369 12183 1
70369 51223 2
70369 62600 1
70369 79793 1
70369 12517 1
70424 53265 1
70424 51223 1
70424 14455 1
70974 6554 1
72695 14455 1
72969 7608 1
72969 16786 1
72969 18249 1
72969 36828 1
72969 73803 1
72969 12183 1
72969 51223 1
72969 14455 2
72969 14563 1
72969 39352 1
72969 97627 1
73044 12183 1
73044 51223 1
73331 71892 1
73331 38803 1
73331 51223 1
73803 53265 1
73884 14455 1
74407 53265 1
74407 38803 1
74407 51223 2
74407 74097 1
74467 38803 1
74573 12183 1
74573 14455 1
74673 38803 1
75958 53265 2
76118 62600 1
76118 14455 1
76118 96198 1
76558 51223 1
77334 42906 1
77334 60127 1
77334 12183 1
77334 51223 2
77334 14563 1
77334 76003 1
77687 71892 2
77687 6554 1
77687 24416 1
77687 38803 2
77687 49143 1
77687 14455 1
77687 26897 1
77687 92401 1
77687 24124 3
77687 3123 1
77687 35172 1
77687 84167 1
77981 51223 1
77995 6554 3
77995 16786 1
77995 17468 1
77995 24230 1
77995 24416 1
77995 35379 1
77995 44462 1
77995 49835 1
77995 67973 3
77995 74673 1
77995 75958 1
77995 77687 1
77995 38803 3
77995 12183 1
77995 51223 1
77995 49143 2
77995 14455 1
77995 26897 1
77995 14449 2
77995 54465 1
77995 14563 1
77995 29538 2
77995 76003 2
77995 4436 1
77995 84071 1
77995 85305 1
77995 97627 1
77995 9671 1
77995 65631 1
77995 21168 1
77995 728 1
77995 45611 1
77995 45893 1
77995 71268 1
77995 73230 1
77995 85068 1
77995 87028 1
79107 38803 1
79343 12183 1
79360 23239 1
79365 51223 1
80730 87581 1
81425 99395 1
81425 74097 1
81805 11691 1
83109 62600 1
83125 38803 1
83224 16786 1
84670 51223 1
85464 71892 2
85464 6554 1
85464 24416 1
85464 31635 1
85464 42906 1
85464 52345 1
85464 64594 1
85464 38803 1
85464 12183 1
85464 51223 1
85464 62600 1
85464 14455 2
85464 26897 1
85464 92401 1
85464 24124 1
85464 74097 1
85464 1802 1
86030 87581 1
86351 51223 1
86619 38803 1
86619 79793 1
86755 34764 1
86755 52345 1
87507 51223 1
87581 53265 2
87581 6554 1
87581 42906 1
87581 44462 1
87581 46263 1
87581 38803 3
87581 14455 1
87581 23759 1
87581 76003 3
89092 38803 1
89092 12183 1
89092 51223 1
89092 62600 1
89092 14563 1
89092 79793 1
89614 51223 1
89614 14455 1
89614 75650 1
89717 38803 1
89770 23898 1
89770 1522 1
89770 6554 1
89770 7608 1
89770 18249 1
89770 37716 1
89770 44462 1
89770 60127 2
89770 75958 1
89770 87581 1
89770 38803 1
89770 12183 1
89770 51223 1
89770 23239 1
89770 49143 1
89770 62600 1
89770 14455 1
89770 92401 1
89770 24124 1
89770 2494 1
89770 14563 1
89770 39352 1
89770 76003 1
89770 79793 1
89770 97627 1
89770 35832 1
90052 51223 1
90212 1522 1
90212 6554 1
90212 17468 2
90212 24416 2
90212 35379 1
90212 37716 1
90212 40031 1
90212 42906 1
90212 52345 1
90212 52512 1
90212 60127 1
90212 75958 1
90212 38803 2
90212 12183 3
90212 51223 4
90212 65667 1
90212 18114 1
90212 49143 1
90212 14455 2
90212 14449 1
90212 24124 1
90212 2494 1
90212 3123 1
90212 14563 2
90212 29538 2
90212 76003 1
90212 61962 1
90212 79793 2
90212 84071 1
90212 9671 1
90212 21793 1
90212 35832 2
90212 65631 1
90212 68563 1
90212 90036 1
90212 9051 1
90212 1533 1
90212 13259 2
90212 25560 1
90212 60246 1
90212 21590 1
90212 12804 1
90212 43669 1
90212 46666 1
90212 59595 1
90212 23585 1
90212 61951 1
90212 45893 1
90212 85068 1
90212 3804 1
90212 29209 1
90212 91412 1
90475 16786 1
91596 51223 1
91758 38803 1
91777 87581 1
91777 38803 1
91777 12183 1
91777 51223 1
91777 14449 1
91777 71508 1
91777 76003 2
91777 59129 1
92127 38803 1
92127 76003 1
92234 14829 1
92234 71929 1
92234 86775 1
92234 54465 1
92234 85194 1
95513 71857 1
95513 71892 2
95513 16786 1
95513 24230 1
95513 24416 2
95513 35379 1
95513 52345 1
95513 60127 1
95513 60881 1
95513 70369 1
95513 75958 1
95513 87581 1
95513 38803 5
95513 86775 1
95513 12183 1
95513 51223 1
95513 15951 1
95513 62600 3
95513 14563 1
95513 29538 1
95513 71508 1
95513 76003 1
95513 1802 1
95513 79793 1
95513 1533 1
95513 13259 1
95513 25560 1
95513 17872 1
95919 51223 1
95919 49143 1
96228 71892 1
96228 12183 1
96228 1802 1
98082 51223 1
98254 7608 2
98254 24416 2
98254 38803 1
98254 12183 1
98254 23239 1
98254 62600 1
98254 24124 2
98254 39352 1
98254 96198 1
98254 22050 1
98254 79793 1
98254 97627 1
98484 71892 1
98484 1522 2
98484 7608 1
98484 24230 1
98484 24416 1
98484 56091 1
98484 60127 2
98484 60881 1
98484 38803 1
98484 86775 1
98484 23239 1
98484 14455 1
98484 52004 1
98484 35867 1
98484 40524 1
98484 61962 1
99062 51223 1
99395 59429 1
99395 14455 1
99946 38803 1
