504 85658 -2
504 6554 -1
504 70233 -1
504 88612 -1
504 94016 -2
1122 9436 -1
1122 59049 1
1122 65919 -1
1968 12762 -1
1968 99889 1
1968 21018 1
5279 9436 -2
5279 14829 -2
5279 16786 -3
5279 24416 -4
5279 27575 1
5279 39265 4
5279 59049 4
5279 70369 -3
5279 70507 1
5279 85658 -2
5279 89060 -1
5279 89511 1
5279 90379 1
5279 650 -1
5279 4821 -1
5279 6554 -7
5279 18114 -3
5279 31635 -1
5279 42906 -3
5279 43053 -1
5279 46263 -2
5279 51900 -1
5279 53265 -1
5279 59527 -1
5279 62586 -1
5279 70233 -1
5279 73803 -2
5279 74676 -2
5279 76123 -1
5279 88612 -1
5279 90475 -1
5279 94016 -16
5279 373 -4
5279 748 -1
5279 832 -1
5279 1802 -6
5279 2040 -1
5279 2094 -1
5279 5212 -1
5279 10612 -2
5279 11005 -1
5279 12012 -4
5279 14081 -5
5279 14449 -1
5279 18105 -3
5279 18351 -1
5279 19811 -2
5279 20345 -1
5279 23585 -1
5279 36742 -1
5279 38556 -2
5279 46050 -1
5279 48004 -2
5279 51921 -1
5279 52736 -10
5279 57854 -9
5279 57945 -2
5279 60127 -1
5279 60246 -3
5279 60604 -1
5279 61951 -1
5279 61962 -3
5279 62600 -8
5279 64411 -1
5279 65667 -1
5279 78285 -1
5279 90052 -1
5279 5568 6
5279 99889 7
5279 29745 1
5979 72776 -1
5979 6554 2
5979 11177 1
5979 73803 1
5979 94016 1
5979 52736 1
5979 60604 1
5979 65667 1
5979 23759 1
5979 73367 1
5979 52660 1
5979 72970 1
5979 87581 1
7000 24416 -1
7000 39265 1
7000 41477 1
7000 94016 -2
7000 5568 1
7000 99889 1
7050 59049 -1
7050 6554 3
7050 73803 1
7050 94016 1
7050 10612 1
7050 60246 1
7050 62600 3
7050 65667 2
7050 73269 1
7050 41248 1
7050 35832 1
8552 62600 -1
8552 99889 1
9436 1122 -1
9436 16786 7
9436 24416 4
9436 59049 -4
9436 4821 1
9436 6554 7
9436 13198 1
9436 31635 1
9436 40031 2
9436 42906 1
9436 64065 1
9436 72927 3
9436 87246 1
9436 88612 1
9436 94016 5
9436 1802 4
9436 2094 1
9436 20345 2
9436 48004 1
9436 52736 1
9436 60246 1
9436 62600 7
9436 65667 2
9436 63639 1
9436 81518 1
9436 73269 1
9436 51229 1
9436 14615 1
9936 9436 -1
9936 24416 -2
9936 6554 -3
9936 24353 -1
9936 43053 -1
9936 88612 -2
9936 94016 -5
9936 748 -1
9936 52736 -1
9936 60127 -1
9936 61962 -1
9936 62600 -1
9936 63639 -1
9936 76226 -1
11810 9436 -1
11810 24416 -1
11810 26848 -1
11810 89060 -1
11810 6554 -3
11810 53265 -1
11810 73803 -1
11810 87246 -1
11810 88612 -1
11810 90475 -1
11810 94016 -3
11810 1802 -1
11810 10612 -1
11810 14081 -1
11810 19811 -1
11810 52736 -3
11810 57854 -3
11810 62600 -4
11810 65667 -2
11810 29132 -1
11810 42584 -1
11810 48572 -1
11810 71508 -1
11810 77775 -1
11810 99889 2
11810 2179 1
11810 26612 1
13055 25982 1
13055 59527 -1
13055 91596 -1
13055 52736 -1
13055 61951 -1
13055 61467 -2
13055 82241 -1
14829 6554 5
14829 42906 1
14829 52736 1
14829 62600 2
14829 32272 -1
15156 49143 -1
16786 9436 1
16786 59049 -1
16786 6554 2
16786 72927 1
16786 88612 1
16786 94016 1
16786 52736 1
16786 65667 1
16786 49143 1
16786 85305 1
17012 24416 -1
17012 39265 2
17012 59049 1
17012 85658 -2
17012 73803 -1
17012 94016 -2
17012 75298 -1
17012 99889 2
17446 6554 -1
19816 59049 -1
19816 62600 2
19816 42584 1
20320 59049 1
20320 6554 -1
20320 94016 -1
20320 99889 1
20606 89060 -2
20606 16088 -1
20606 46263 -1
20606 94016 -2
20606 62600 -3
20606 9093 -1
20606 81518 -1
20606 84052 2
20606 35215 3
21112 6554 -1
21112 62600 -1
22405 6554 -1
22405 65919 -2
22405 62600 -1
22405 48572 -1
22405 19077 -2
22405 19302 -1
23381 24416 -3
23381 27575 1
23381 59049 1
23381 85658 -2
23381 6554 -2
23381 51900 -1
23381 59527 -2
23381 62586 -1
23381 72927 -1
23381 94016 -2
23381 1802 -1
23381 18105 -2
23381 36742 -1
23381 52736 -1
23381 60127 -1
23381 62600 -1
23381 48572 -2
23381 73269 -1
23381 99889 4
23608 94016 -1
23608 60604 -1
23608 18001 -1
23608 23759 -1
23608 84052 1
24416 9436 1
24416 16786 1
24416 59049 -1
24416 1522 2
24416 6554 2
24416 11177 1
24416 24418 2
24416 40031 1
24416 42906 1
24416 51900 1
24416 59527 2
24416 73803 1
24416 88612 3
24416 94016 3
24416 748 1
24416 1802 1
24416 52736 4
24416 61951 1
24416 62600 3
24416 65667 2
24416 51229 1
24416 59129 1
24416 80418 1
24416 85305 2
24416 72970 1
24416 20357 1
24416 28580 1
24416 70291 1
24416 88821 1
24428 59049 1
24428 62600 -1
24780 1122 -1
24780 9436 2
24780 16786 3
24780 24416 1
24780 59049 -3
24780 70369 1
24780 85658 1
24780 1522 1
24780 17468 1
24780 24230 1
24780 24353 1
24780 31635 1
24780 41477 -2
24780 42906 4
24780 45327 1
24780 46263 1
24780 82215 -1
24780 87246 1
24780 88612 4
24780 94016 4
24780 18351 1
24780 52736 2
24780 57945 1
24780 62600 2
24780 42584 2
24780 48572 1
24780 49143 1
24780 19077 2
24780 73269 1
24780 20174 1
24780 90519 1
25982 59527 -1
25982 61951 -1
25982 61467 -1
26848 9436 1
26848 24416 1
26848 27575 -1
26848 1522 1
26848 6554 2
26848 17468 1
26848 40031 1
26848 42906 1
26848 59527 1
26848 88612 1
26848 94016 1
26848 52736 3
26848 60246 1
26848 62600 1
26848 65667 2
26848 63639 1
26848 42584 1
26848 99087 1
26848 15951 1
27575 9436 -1
27575 14829 -2
27575 16786 -3
27575 21112 2
27575 24416 -3
27575 25982 2
27575 26848 -1
27575 39265 4
27575 59049 2
27575 85658 -3
27575 1522 -1
27575 6554 -3
27575 9501 1
27575 13427 1
27575 16088 -1
27575 17014 1
27575 20115 -1
27575 24353 -1
27575 42906 -1
27575 43053 -2
27575 46263 -2
27575 53265 -1
27575 59527 -1
27575 72927 -2
27575 73803 -2
27575 88612 -2
27575 94016 -8
27575 1802 -1
27575 18105 -4
27575 19811 -1
27575 52736 -1
27575 57854 -4
27575 62600 -1
27575 65667 -3
27575 48572 -1
27575 49143 -1
27575 855 -3
27575 43919 -1
27575 66218 -8
27575 75958 -1
27575 85822 -1
27575 94832 -1
27575 84052 1
27575 5568 2
27575 99889 16
27575 29745 1
27575 26612 1
27575 57787 1
27575 64794 1
27921 61314 1
27921 6554 -3
27921 35562 -1
27921 84197 -1
27921 94016 -3
27921 5212 -1
27921 57945 -3
27921 61962 -1
27921 78285 -2
27921 38885 -1
27921 99889 2
34087 94016 -1
34087 62600 -1
34087 99889 1
34576 59049 1
34576 9412 -1
34576 94016 -1
34576 10612 -1
39265 9436 -3
39265 14829 -1
39265 16786 -1
39265 21112 2
39265 24416 -2
39265 27575 1
39265 59049 1
39265 72270 1
39265 85658 -5
39265 89060 -1
39265 6554 -4
39265 42906 -1
39265 59527 -2
39265 72927 -1
39265 73803 -1
39265 85464 -2
39265 88612 -2
39265 94016 -5
39265 1802 -3
39265 10612 -1
39265 20345 -1
39265 23585 -1
39265 52736 -1
39265 57854 -3
39265 60127 -2
39265 60604 -1
39265 62600 -4
39265 65667 -3
39265 75298 -1
39265 19302 -1
39265 73269 -2
39265 33409 -1
39265 40655 -1
39265 49467 -1
39265 84052 1
39265 5568 1
39265 99889 2
39265 2179 1
39265 62343 1
39458 6554 -2
39458 42906 -1
39458 59527 -2
39458 62586 -2
39458 91596 -1
39458 94016 -4
39458 23585 -1
39458 52736 -2
39458 62600 -1
39458 29132 -1
39458 49143 -2
39458 73269 -1
39458 26162 -1
39458 40131 -1
39458 68099 -1
39458 98891 -1
39458 99889 2
43632 75298 -1
55346 89511 -1
55346 6554 2
55346 52736 1
55346 62600 1
56404 24191 -1
57272 16088 -1
59049 9436 -3
59049 6554 -1
59049 9412 -1
59049 94016 -2
59049 62600 -2
59049 99889 1
60523 85658 -1
60523 24353 -1
61314 94016 -1
61314 99889 1
62423 6554 -1
65702 89511 1
65702 42906 -1
65702 62600 -1
65702 19077 -1
67251 1522 1
67251 41477 -1
67251 59527 1
67251 94016 1
67251 61467 1
67251 22099 1
69667 24416 -1
69667 59049 1
69667 88612 -1
69667 94016 -2
69667 1802 -1
69667 10612 -1
69667 60604 -1
69667 62600 -5
69667 42584 -1
69667 3777 -1
70369 16786 2
70369 59049 -1
70369 6554 2
70369 40031 1
70369 42906 1
70369 51900 1
70369 59527 1
70369 73803 1
70369 94016 1
70369 1802 2
70369 52736 1
70369 62600 2
70369 84052 -1
70369 21168 1
70369 33257 1
70374 94016 -1
70507 24416 -1
70507 59049 1
70507 85464 -1
70507 91596 -3
70507 94016 -1
70507 10612 -1
70507 52736 -2
70507 90052 -1
70507 35215 1
70507 99889 2
72270 9436 -3
72270 16786 -2
72270 21112 1
72270 24416 -4
72270 26848 -1
72270 39265 2
72270 59049 7
72270 89060 -1
72270 650 -1
72270 6554 -2
72270 16088 -1
72270 42906 -1
72270 43053 -3
72270 59527 -4
72270 60881 -1
72270 72927 -2
72270 88612 -11
72270 94016 -14
72270 1802 -1
72270 10612 -1
72270 48004 -1
72270 52736 -1
72270 57854 -2
72270 57945 -1
72270 60127 -3
72270 60246 -1
72270 60604 -1
72270 62600 -4
72270 65667 -3
72270 29132 -1
72270 42584 -1
72270 81518 -1
72270 19302 -1
72270 25263 -1
72270 30351 -1
72270 41248 -1
72270 42204 -1
72270 51229 -1
72270 59129 -3
72270 80418 -1
72270 94384 -1
72270 5568 1
72270 99889 2
72270 90342 2
72621 24416 2
72621 1052 1
72621 1522 2
72621 11177 1
72621 51900 1
72621 94016 1
72621 95642 1
72621 14081 2
72621 52736 2
72621 5568 -1
72621 73367 1
72621 85305 2
72776 24416 -1
72776 18114 -1
72983 94016 -1
72983 36742 -3
72983 23239 -1
72983 99889 2
73284 14829 -2
75209 91596 -1
75209 26612 1
77995 9436 2
77995 16786 1
77995 24416 2
77995 59049 -1
77995 70369 1
77995 89060 2
77995 6554 2
77995 9412 1
77995 17468 2
77995 31635 1
77995 40031 1
77995 42906 1
77995 62586 1
77995 77171 1
77995 79167 1
77995 88612 1
77995 94016 3
77995 95642 1
77995 373 1
77995 1802 3
77995 52736 1
77995 57854 1
77995 60127 1
77995 61951 1
77995 62600 5
77995 65667 2
77995 9093 1
77995 19302 1
77995 41248 2
77995 12804 1
77995 72970 1
77995 93633 1
77995 54465 1
77995 53889 1
77995 88821 1
77995 8773 1
77995 34865 1
78094 88612 -1
78094 94016 -1
78376 24416 -1
78376 13427 1
78376 73803 -1
78376 65919 -1
78376 62600 -1
78376 19077 -1
78376 80306 -1
78376 99889 2
79909 14829 -2
79909 52736 -1
79909 24191 1
79909 23993 -1
80901 88612 -1
84452 85658 -2
84452 94016 -2
84452 1802 -1
84452 394 -1
84452 75786 -2
85658 14829 1
85658 24416 2
85658 24353 1
85658 45327 1
85658 73803 1
85658 94016 1
85658 36742 1
85658 52736 1
85658 65667 1
85658 63011 -1
87109 14829 1
87109 16786 1
87109 14081 1
87109 52736 2
87109 24191 -1
88081 88612 -1
89060 84052 -1
89060 35215 -1
89140 21112 1
89140 17014 1
89140 74676 -2
89140 1802 -1
89511 53265 -1
90379 9412 -1
90379 88612 -1
90379 60604 -1
90379 78933 -1
90379 91965 -1
90379 99889 1
93207 59049 1
93207 65702 1
93207 85658 -1
93207 6554 -1
93207 13427 1
93207 16088 -1
93207 31635 -1
93207 94016 -2
93207 1802 -1
93207 18105 -2
93207 52736 -1
93207 62600 -1
93207 48572 -1
93207 24191 1
95249 94016 -1
95249 26775 -1
97387 9436 -1
97387 59049 1
97387 6554 -1
97387 94016 -2
259 99889 1
346 52736 1
650 16786 4
650 24416 2
650 85658 1
650 89060 1
650 6554 2
650 13198 1
650 59527 1
650 72927 1
650 73803 1
650 88612 1
650 90475 1
650 94016 2
650 95642 1
650 1802 1
650 52736 1
650 61951 1
650 61962 1
650 62600 2
650 65667 3
650 63639 1
650 42584 1
650 19302 2
650 12804 1
650 31508 1
650 33042 1
650 35832 1
650 73367 1
650 85305 2
1052 16786 2
1052 24416 1
1052 73803 1
1052 1802 1
1052 36742 1
1052 61951 1
1351 52736 1
1351 62600 1
1449 36742 1
1460 65667 1
1522 16786 2
1522 24416 2
1522 70369 1
1522 6554 1
1522 11177 1
1522 17468 1
1522 42906 1
1522 59527 1
1522 88612 1
1522 94016 1
1522 52736 2
1522 60246 1
1522 61962 1
1522 65667 2
1522 33042 1
1522 35832 1
1522 85305 2
1522 22099 1
3039 24418 1
3039 1802 1
3039 36742 2
4821 24416 1
4821 1522 1
4821 6554 1
4821 94016 1
4821 52736 1
4821 60246 1
4821 62600 1
4821 65667 1
6099 62600 1
6099 65667 1
6253 6554 1
6253 87246 1
6554 88612 1
6554 1802 1
6554 20345 1
6554 62600 2
6554 65667 1
8239 99889 1
8824 24191 1
9412 93633 1
9450 24416 1
9450 6554 1
9450 52736 1
9450 61951 1
9450 62600 1
9450 65667 1
9501 99889 1
10593 62600 1
10664 24416 1
10664 1522 1
10664 94016 1
10664 52736 1
10664 60246 1
10664 62600 1
10664 64411 1
10664 65667 1
10664 12804 1
10664 33042 1
10664 35832 1
10664 3866 1
10664 9051 1
10664 16546 1
10664 21590 1
10664 21793 1
10664 29538 1
10664 37959 1
10664 53523 1
10664 53900 1
10664 54465 1
10664 68563 1
10664 71323 1
10664 83667 1
10664 93922 1
10664 99087 1
11177 24416 2
11177 6554 2
11177 42906 1
11177 94016 1
11177 48004 1
11177 62600 2
11177 85305 1
11604 99889 1
11690 42584 1
12037 94016 1
12037 65667 1
12037 35832 1
12037 21793 1
12264 99889 1
13198 24416 1
13198 94016 1
13198 23585 1
13198 62600 1
13349 52736 1
13427 99889 2
14164 14829 1
14164 16786 1
14164 6554 1
14164 52736 1
14164 62600 2
14164 65667 1
14164 19077 1
14164 51229 1
14474 51229 1
15495 27575 1
15564 82215 1
15564 99889 2
16013 65667 1
16088 40031 1
16088 62600 1
16879 24416 1
17014 21112 1
17014 29745 1
17468 52736 1
17872 70369 1
17889 27575 1
18114 94016 1
19680 84052 1
19680 99889 1
20115 85658 1
20115 6554 2
20115 51900 1
20115 73803 1
20115 23585 1
20115 36742 1
20115 52736 1
20115 61962 1
20115 53889 1
21523 99889 1
22538 62600 1
22538 42584 1
23383 62600 1
24157 24416 2
24157 89060 1
24157 62600 1
24157 65667 1
24230 9436 1
24230 16786 1
24230 24416 1
24230 6554 2
24230 42906 1
24230 94016 1
24230 1802 1
24230 52736 1
24230 62600 1
24353 24416 1
24353 59527 1
24353 73803 1
24353 87246 1
24353 88612 1
24353 94016 2
24353 48004 1
24353 52736 1
24353 60246 1
24353 62600 3
24353 65667 1
24353 73367 1
24353 3456 1
24418 9436 1
24418 16786 1
24418 24416 5
24418 70369 1
24418 85658 2
24418 1522 1
24418 4821 1
24418 6554 3
24418 9412 1
24418 11177 1
24418 31635 1
24418 42906 1
24418 53265 1
24418 59527 2
24418 72927 1
24418 87246 1
24418 94016 4
24418 1802 3
24418 23585 1
24418 36742 4
24418 52736 1
24418 61951 2
24418 62600 3
24418 65667 3
24418 73269 1
24418 14615 1
24418 21168 1
24418 28957 1
24418 33257 1
24418 33611 1
24418 40457 1
24418 62550 1
24418 84167 1
24418 92401 1
24418 93144 1
25201 62600 1
27627 6554 2
27627 42906 1
27627 88612 1
27627 65667 1
27727 99889 1
28566 24416 1
28566 6554 2
28566 73803 1
28566 88612 1
28566 94016 1
28566 52736 1
28566 62600 2
28566 65667 1
28566 59129 1
28566 9051 1
28741 59527 1
28741 52736 1
28741 62600 1
28931 16786 1
30489 52736 1
31635 1802 1
32002 6554 1
32002 62600 1
32624 89060 1
32624 52736 1
33497 1522 1
34003 24416 1
34003 12012 1
34003 52736 1
34003 62600 1
34031 88612 1
34333 99889 1
34764 14829 2
34764 6554 1
34764 62600 3
34764 65667 1
35063 24416 1
35063 6554 1
35063 59527 1
35063 72927 2
35063 73803 1
35063 36742 2
35063 61951 1
35491 52736 1
35491 62600 1
35539 6554 1
35539 42906 1
35539 88612 1
35539 62600 1
35539 65667 2
35539 49143 1
35539 21168 1
35539 33257 1
35539 15951 1
35539 1667 1
35539 65235 1
35539 88215 1
35562 52736 1
36426 52736 1
37307 24416 1
37843 94016 1
37843 62600 1
37843 65667 1
37843 35832 1
38135 75298 1
38207 62600 1
38671 62600 1
38813 62600 1
39292 16786 1
39596 14829 1
39608 52736 1
39690 52736 2
39690 62600 1
40031 6554 1
40031 47597 3
41174 6554 1
41477 99889 3
42228 62600 1
42279 6554 2
42279 51900 1
42279 62600 2
42343 16786 1
42343 65667 1
42906 14829 1
42906 6554 2
42906 59527 1
42906 76123 1
42906 87246 1
42906 94016 1
42906 1802 1
42906 2040 1
42906 52736 2
42906 62600 1
42906 65667 1
43006 99889 1
43053 9436 1
43053 16786 1
43053 24416 3
43053 70369 1
43053 89060 1
43053 1522 1
43053 4821 1
43053 6554 5
43053 9412 1
43053 24418 1
43053 40031 1
43053 51900 1
43053 58243 1
43053 59527 3
43053 73803 2
43053 77404 1
43053 88612 2
43053 90475 1
43053 94016 3
43053 1802 1
43053 2040 1
43053 23585 2
43053 48004 1
43053 52736 2
43053 60127 1
43053 60246 2
43053 62600 5
43053 65667 3
43053 63639 1
43053 75298 1
43053 51229 1
43053 59129 1
43053 80418 2
43053 12804 1
43053 33042 1
43053 35832 2
43053 85305 1
43053 9051 1
43053 21793 1
43053 37959 1
43053 53523 1
43053 71323 1
43053 20357 1
43053 33611 1
43053 17620 1
43053 18099 1
43053 24124 1
43053 67675 1
43053 79795 1
43202 42906 1
43202 88612 1
43610 16786 1
43610 24416 1
43610 6554 1
43610 59527 1
43669 6554 1
43675 16786 2
43675 24416 3
43675 1522 1
43675 6554 1
43675 17468 1
43675 28566 1
43675 42906 1
43675 46263 1
43675 59527 2
43675 73803 1
43675 87246 1
43675 88612 1
43675 94016 1
43675 23585 1
43675 36742 1
43675 52736 4
43675 60127 1
43675 60246 1
43675 61962 1
43675 62600 1
43675 65667 4
43675 78285 2
43675 63639 1
43675 19077 1
43675 85305 1
43675 20357 1
43675 22921 1
43675 47697 1
44462 62600 1
45327 24416 1
45327 85658 1
45327 89060 1
45327 42906 1
45327 59527 1
45327 73803 2
45327 94016 1
45327 52736 1
45327 62600 2
45327 65667 1
45327 19077 1
45327 23759 1
46122 42906 1
46122 59527 1
46122 52736 2
46122 62600 1
46122 65667 1
46122 19077 1
46122 20174 2
46122 2314 1
46122 79486 1
46223 16786 1
46223 6554 1
46223 52736 1
46263 52736 1
47376 99889 1
47597 40031 3
47720 6554 1
48139 16786 1
48139 24416 1
48139 87246 1
48139 94016 1
48139 52736 1
48139 85305 1
48321 99889 1
50866 52736 1
50948 16786 1
50948 24416 1
50948 6554 1
50948 31635 1
50948 1802 1
50948 14081 1
50948 52736 1
50948 62600 1
51900 24416 1
51900 73803 1
51900 14081 1
51900 52736 1
51900 61951 1
51900 62600 2
51900 65667 1
51920 99889 1
52018 24416 1
53265 6554 2
53265 76135 1
53479 24416 2
53479 6554 2
53479 59527 1
53479 88612 1
53479 62600 1
53479 65667 1
53479 42584 1
53479 73269 1
53861 99889 1
54114 6554 1
54148 99889 1
54207 17468 1
54207 94016 1
55181 99889 1
55232 62600 1
56471 59527 1
56830 62600 1
57216 16786 1
57216 6554 1
57216 42906 1
57216 94016 1
57216 52736 1
57216 62600 1
57216 97188 1
57720 62600 1
58201 52736 1
58201 65667 1
58243 24416 1
58243 6554 1
58243 94016 1
58243 62600 1
58243 65667 1
58243 12804 1
59527 88612 1
59527 14449 1
59527 52736 3
59527 62600 1
59527 65667 1
59596 99889 1
60305 16786 1
60305 6554 1
60305 52736 1
60305 12804 1
60711 6554 1
60752 85658 1
60752 42906 1
60881 1802 1
60881 65667 1
61277 6554 1
62586 6554 1
62704 16786 1
62704 24416 2
62704 70369 1
62704 6554 1
62704 95642 1
62704 1802 1
62704 52736 1
62704 60246 1
62704 62600 1
62704 65667 2
62704 71508 1
62704 94384 1
62704 78933 1
62891 52736 1
63823 99889 1
64065 9436 1
64065 16786 1
64065 24416 4
64065 70369 1
64065 85658 1
64065 1522 1
64065 4821 1
64065 6554 8
64065 11177 1
64065 17468 2
64065 18114 2
64065 24418 1
64065 40031 1
64065 42343 1
64065 42906 1
64065 46223 1
64065 51900 1
64065 59527 3
64065 72927 3
64065 73803 2
64065 74673 1
64065 76123 1
64065 87246 1
64065 88612 1
64065 89092 1
64065 90475 1
64065 94016 3
64065 1802 3
64065 18105 1
64065 23585 1
64065 48004 1
64065 52736 5
64065 60127 1
64065 60246 2
64065 61951 1
64065 61962 2
64065 62600 4
64065 64411 1
64065 65667 4
64065 63639 1
64065 76226 2
64065 71508 1
64065 73269 1
64065 23759 1
64065 40131 1
64065 25263 1
64065 80418 1
64065 12804 1
64065 33042 3
64065 35832 3
64065 85305 1
64065 9051 2
64065 21793 1
64065 29538 1
64065 37959 1
64065 53523 1
64065 53900 1
64065 54465 1
64065 68563 1
64065 71323 1
64065 99087 1
64065 20357 1
64065 92401 1
64065 20174 1
64065 15951 1
64065 24124 1
64065 67675 1
64065 47697 2
64065 7296 1
64065 10911 1
64065 13259 1
64065 18460 1
64065 42892 1
64065 45893 1
64065 52666 1
64065 63773 1
64065 66196 1
64065 66923 1
64065 67788 1
64065 85068 1
64065 96381 1
64091 51229 1
64540 21112 1
64666 24416 1
64666 59527 1
64666 94016 1
64666 23585 1
64666 52736 1
64666 65667 1
64970 62600 1
66821 36742 1
66906 52736 1
67218 52736 1
67218 60604 1
67218 49143 1
67218 73367 1
67606 73803 1
67829 99889 1
68401 99889 2
70233 24416 1
70233 42906 1
70233 94016 1
70233 52736 1
70233 62600 1
70233 65667 1
70233 21793 1
70358 99889 1
71929 16786 1
71929 24416 1
71929 1522 1
71929 6554 1
71929 11177 1
71929 94016 1
71929 65667 1
71929 37611 2
71929 46579 1
71929 53392 1
71929 60930 1
72927 16786 3
72927 70369 1
72927 6554 1
72927 59527 1
72927 1802 1
72927 78933 1
72927 23403 1
72969 59527 1
72969 94016 1
72969 62600 3
72969 19077 1
73494 99889 1
73711 16786 1
73711 42906 1
73803 16786 1
73803 85658 1
73803 6554 1
73803 51900 1
73803 36742 1
73803 52736 1
74467 6554 1
74673 62600 1
74676 70369 1
74676 94016 1
74676 1802 1
74676 60246 1
76123 42906 1
76294 6554 1
76294 52736 1
76294 65667 1
76448 15951 1
76466 6554 1
76466 65667 1
76466 19077 1
76835 61951 1
77171 6554 3
77171 53265 1
77171 94016 1
77171 62600 1
77404 9436 3
77404 16786 1
77404 24416 2
77404 89060 2
77404 6554 3
77404 59527 1
77404 88612 3
77404 94016 2
77404 1802 1
77404 52736 1
77404 62600 3
77404 65667 1
77404 75298 1
77404 59129 1
77404 80418 1
77404 22921 1
77810 65667 1
78418 85658 1
79167 6554 1
79167 12804 1
81980 65667 1
82019 99889 1
82047 99889 1
82171 24416 1
82215 99889 2
83109 52736 1
83560 99889 1
84197 6554 2
84329 9436 1
84329 16786 1
84329 24416 2
84329 6554 2
84329 24418 1
84329 62600 2
84329 65667 1
84329 51229 1
84940 99889 1
85296 65667 1
85464 52736 1
85961 62600 1
86106 73367 1
86755 40031 1
86755 65667 1
86755 47697 1
87246 24416 1
87246 88612 1
87246 52736 1
87246 59129 1
87246 80418 1
88612 6554 1
88612 52736 1
88612 65667 1
88733 36742 1
89092 6554 1
89092 59527 1
89092 52736 1
89092 62600 1
89092 65667 1
89092 33042 1
89092 35832 1
90242 88612 1
90388 16786 1
90388 24416 1
90388 1522 1
90388 85305 1
90475 6554 1
90475 52736 1
90475 62600 1
90475 42584 1
91128 59527 1
91128 94016 1
91128 52736 1
91128 62600 1
91128 65667 1
91236 88612 2
91236 94016 1
91574 55346 1
91574 6554 1
91574 23759 1
91596 59527 1
91596 52736 1
91596 61467 1
91596 53889 1
91758 70369 1
91758 52736 1
92024 52736 1
92024 51229 1
92062 1802 2
94016 6554 1
94016 52736 1
94016 65667 1
95513 24416 1
95513 1522 1
95513 6554 1
95513 17468 1
95513 17872 1
95513 59527 1
95513 94016 1
95513 52736 1
95513 60127 1
95513 65667 1
95513 63639 1
95513 33042 1
95513 35832 1
95513 21793 1
95642 16786 2
95642 24416 2
95642 72621 1
95642 89060 1
95642 650 1
95642 1522 1
95642 6554 1
95642 42906 1
95642 73803 1
95642 94016 1
95642 52736 1
95642 61951 1
95642 61962 1
95642 65667 1
95642 78285 1
99612 16786 1
99976 16786 1
99976 24416 1
99976 6554 1
99976 73803 1
99976 94016 1
99976 23585 1
99976 52736 1
99976 62600 1
99976 65667 1
99976 23759 1
99976 43919 1
99976 85194 1
