1122 14867 -1
1122 6554 1
1122 41847 1
1351 6554 2
1351 14235 -1
1351 23239 1
1351 38803 1
1351 14081 1
1351 96198 1
1351 47697 1
4285 75958 -1
4285 86775 -1
5279 680 -1
5279 832 -1
5279 18249 -1
5279 20115 -1
5279 35562 -1
5279 39352 -1
5279 42906 -1
5279 53265 -1
5279 75958 -1
5279 86775 -4
5279 1802 -2
5279 14455 -2
5279 18114 -2
5279 23239 -1
5279 38803 -1
5279 51223 -3
5279 60127 -1
5279 61467 -2
5279 86064 -1
5279 11691 1
11604 6554 -1
11604 86775 -1
11604 38803 -1
11604 70806 -1
11810 1122 -4
11810 680 -1
11810 6554 -3
11810 18249 -1
11810 86775 -1
11810 38803 -2
11810 51223 -1
11810 38556 -1
11810 77775 -1
11810 78285 -1
11810 82818 -1
14867 1122 -1
14867 86775 -1
14867 70806 -1
14867 1691 -2
14867 46734 -1
20320 6554 -2
20320 14455 -1
20320 38803 -3
20320 51223 -2
20320 2094 -2
20320 14449 -1
20320 41644 -1
20320 76226 -1
22405 51223 -1
22405 38556 -1
23381 59049 1
23381 6554 -1
23381 15101 -1
23381 18249 -1
23381 53265 -1
23381 86775 -1
23381 51223 -1
23381 61467 -1
23381 2094 -1
23381 76226 -1
23381 12183 -1
23381 13818 -1
23381 14033 -1
23381 14081 -1
23381 14563 -1
23381 19811 -1
23381 43919 -1
23381 50435 -1
23381 50855 -2
23608 1122 -2
23608 24416 -1
25582 6554 -1
25582 17872 -1
25582 18249 -3
25582 23898 -1
25582 35562 -2
25582 44462 -1
25582 71857 -1
25582 71886 -1
25582 77687 -1
25582 86775 -2
25582 87574 -1
25582 97627 -1
25582 14455 -1
25582 38803 -1
25582 51223 -1
25582 60127 -3
25582 86064 -1
25582 38556 -1
25582 77775 -1
25582 12183 -2
25582 14081 -1
25582 7644 -1
25582 11712 -1
25582 35172 -1
25582 41847 -1
25582 49899 -1
25582 56886 -1
25582 61962 -1
25582 64108 -1
25582 65613 -1
25582 66923 -1
25582 79115 -1
25582 83453 -1
25582 91629 -1
25582 96198 -2
27575 6554 -1
27575 75958 -1
27575 13818 -1
27575 19811 -7
27575 7613 -1
27575 43693 -1
27575 53557 -1
27575 60761 -2
27575 89508 -1
27575 95073 -1
30100 38803 -1
31061 9412 -1
31061 86775 -1
31061 14455 -1
31061 2494 -1
31061 12422 -1
31061 77412 -1
31474 96403 -1
31474 51223 -1
31474 24191 1
36503 16452 -1
36503 18249 -2
36503 39352 -1
36503 75958 -3
36503 86775 -5
36503 90052 -1
36503 38803 -1
36503 14563 -1
36503 16786 -1
36503 48572 -2
36503 52660 -1
36503 91596 -1
39265 6554 -1
39265 35562 -1
39265 14455 -1
39265 38803 -2
39265 18105 -1
39265 22939 -1
39265 97970 -1
40972 6554 -1
41477 6554 -1
41604 6554 -1
46681 86775 -1
46681 38803 -1
49005 9412 -1
49005 18843 -1
53985 59049 1
53985 6554 -2
53985 9412 -1
53985 17872 -1
53985 20115 -1
53985 23898 -1
53985 24416 -1
53985 35562 -1
53985 39352 -1
53985 43053 -1
53985 53265 -2
53985 75958 -5
53985 86775 -5
53985 87581 -1
53985 90052 -1
53985 97627 -1
53985 1802 -1
53985 23239 -1
53985 38803 -4
53985 51223 -2
53985 60127 -2
53985 61467 -1
53985 86064 -1
53985 38556 -2
53985 77775 -2
53985 2094 -1
53985 12183 -2
53985 43919 -1
53985 11712 -3
53985 35172 -1
53985 49899 -1
53985 61962 -3
53985 83453 -1
53985 96198 -1
53985 60761 -1
53985 1303 -1
53985 3123 -1
53985 24780 -1
53985 25263 -1
53985 41722 -1
53985 60246 -1
53985 62600 -2
53985 62979 -1
53985 73269 -1
53985 73278 -1
53985 79551 -1
53985 85194 -1
53985 91965 -1
56364 14455 -1
56364 20606 1
59049 6554 -2
59049 53265 -1
59049 86775 -1
59049 38803 -1
59049 61467 -1
61057 9412 -1
61057 86775 -1
67458 6554 -2
67458 53265 -1
67458 75958 -2
67458 64177 1
69268 9412 -1
70207 18249 -1
70207 86775 -1
70207 87581 -1
71929 6554 1
71929 18249 -1
71929 35379 3
71929 14455 2
71929 38803 2
71929 96198 -1
71929 23396 1
75721 18507 -1
77217 25061 -1
77217 46352 -1
77217 94832 -1
77217 24191 1
77995 6554 2
77995 9412 1
77995 24230 1
77995 24416 1
77995 62891 1
77995 75958 1
77995 85464 -1
77995 87581 1
77995 2094 1
77995 35172 1
77995 62600 1
77995 79551 1
77995 85194 1
77995 81873 1
77995 37114 1
84452 86775 -1
84452 38803 -2
84452 74121 -1
84452 75650 -2
88467 38803 -1
89681 53392 -1
89681 2094 -1
89681 56886 -1
89681 76652 -1
89681 84159 -1
90989 6554 3
90989 56091 1
90989 1802 2
90989 51223 2
90989 61467 1
90989 73269 1
90989 24191 -2
90989 74097 1
90989 34397 1
90989 64507 1
90989 69796 1
96403 24191 -1
99694 6554 -2
99694 43202 -1
99694 52285 -1
99694 86775 -2
99694 90052 -1
99694 1802 -1
99694 38803 -3
99694 51223 -1
99694 70806 -1
99694 33611 -1
99694 36630 -1
650 6554 1
650 18249 1
650 24416 1
650 25292 1
650 35379 1
650 71892 1
650 86775 1
650 14455 2
650 60127 1
650 12183 1
650 35172 1
650 96198 1
650 73269 1
680 38803 1
680 96198 1
832 38803 1
832 51223 1
832 65667 1
1101 6554 2
1101 1802 1
1101 38803 3
1101 51223 1
1101 96198 1
1101 2494 1
1522 38803 1
1780 35379 1
1780 14563 1
1780 76003 1
3039 6554 1
3039 59527 1
3039 19811 1
3039 89508 1
3039 28496 1
5188 9412 1
5188 14455 1
5188 38803 1
6146 6554 1
6146 14455 1
6146 18114 1
6146 38803 5
6146 51223 1
6146 12183 1
6146 19811 1
6146 35172 1
6146 49899 1
6146 3123 1
6146 25263 1
6146 60246 1
6146 65667 2
6146 24124 1
6146 35832 1
6146 84071 1
6253 38803 1
6516 6554 1
6516 18249 1
6516 14455 1
6516 38803 1
6516 35172 1
6554 38803 3
6554 16786 1
6554 74833 1
8183 6554 2
8183 38803 2
9179 38803 2
9412 93633 1
9743 6554 1
9743 51223 1
9743 12183 1
9743 96198 1
9825 6554 1
9825 38803 1
9825 12183 1
9825 35172 1
10098 6554 1
10098 14455 1
10098 38803 1
10098 51223 1
10664 14563 1
10664 29538 1
11177 6554 1
11177 38803 1
13198 14455 1
13198 51223 1
14048 38803 1
14048 60246 1
14164 38803 1
14249 38803 2
14249 51223 1
14474 38803 1
15101 6554 2
15101 14455 1
15101 38803 3
15101 2094 1
15101 12183 1
15101 96198 2
15610 1522 1
15610 9412 1
15610 62891 1
15619 6554 1
15619 38803 2
16165 6554 1
16165 38803 2
16452 38803 1
16879 1802 1
17750 6554 1
17750 18249 1
17750 38803 2
17872 51223 1
18249 6554 1
18249 9412 2
18249 24230 1
18249 35379 3
18249 39352 1
18249 42906 1
18249 53392 1
18249 56091 1
18249 75958 1
18249 86775 1
18249 97627 1
18249 1802 1
18249 14455 2
18249 18114 1
18249 23239 1
18249 38803 4
18249 12183 1
18249 43919 1
18249 66923 1
18249 96198 1
18249 16786 2
18249 65667 1
18249 47697 1
18249 76003 2
18249 84071 1
18249 29538 1
18249 394 1
18249 35940 1
18249 47044 1
18249 68563 1
18249 81873 1
18494 2094 1
18507 6554 1
18507 35379 1
18507 49835 1
18507 38803 1
18507 14563 1
18507 16786 1
18507 60246 1
18507 62600 1
18507 76003 2
18507 29538 1
18507 35940 1
18507 68563 1
18507 10510 1
18507 13259 1
18507 21793 1
18507 45611 1
18507 78261 1
18507 79793 1
18716 38803 1
19578 1802 1
19578 61951 1
20115 6554 1
20115 18249 1
20115 24416 1
20115 42906 1
20115 44462 1
20115 75958 1
20115 97627 2
20115 14455 1
20115 38803 2
20115 12183 1
20115 14081 1
20115 35172 1
20115 96198 1
20115 2494 1
20115 60246 1
20115 62600 1
20115 65667 1
20115 76003 1
20115 24124 1
20115 29538 1
20115 35940 1
20115 68563 1
20115 13259 1
20115 945 1
20115 9671 1
20115 12804 1
20115 18290 1
20115 35223 1
21112 24191 1
21689 1522 1
21689 24416 1
21689 37716 1
21689 23239 1
21689 12183 1
21689 35172 1
21689 60246 1
21689 62600 1
21689 35832 1
21689 68563 1
21689 728 1
22900 6554 1
22900 65643 1
22900 38803 3
22900 43919 1
22900 74833 1
22900 59534 2
23898 6554 2
23898 24230 1
23898 14455 1
23898 38803 4
23898 51223 1
23898 12183 1
23898 35172 1
23898 96198 1
23898 16786 1
23898 60246 1
23898 74121 1
23898 29538 1
23898 68563 1
23940 24191 1
24157 6554 1
24157 38803 1
24230 6554 2
24230 18249 2
24230 24416 1
24230 35379 2
24230 44462 1
24230 52345 1
24230 53265 1
24230 53392 1
24230 87581 1
24230 1802 1
24230 14455 2
24230 18114 1
24230 38803 4
24230 51223 1
24230 12183 1
24230 96198 1
24230 62600 1
24230 65667 1
24230 71513 1
24353 6554 1
24353 18249 1
24353 35379 1
24353 39352 1
24353 14455 1
24353 38803 2
24353 14563 1
24353 35172 1
24353 76003 1
24353 68563 1
24416 14455 1
24416 38803 3
24416 14563 1
24416 2494 1
24416 25061 1
24416 94832 1
24418 6554 1
24418 9412 1
24418 18249 1
24418 24416 1
24418 71857 1
24418 75958 1
24418 18114 1
24418 38803 4
24418 65667 1
24418 84071 1
25292 38803 1
25292 51223 1
25347 38803 2
25603 38803 1
25705 6554 1
26399 38803 1
26763 14455 1
26763 38803 1
26848 53265 1
26848 14455 1
26848 20326 1
27627 18249 1
28566 6554 1
28566 35379 1
28566 39352 1
28566 51223 1
28566 96198 1
31634 14455 1
31634 22050 1
31635 38803 1
31900 62600 1
33137 28566 1
33137 87581 1
33137 97627 1
33137 14455 1
33137 23239 1
33137 38803 1
33137 51223 1
33137 35172 1
33137 96198 1
33137 47697 1
33137 728 1
33644 14455 1
33981 14455 1
33981 38803 2
33981 75650 1
34003 14455 1
34333 6554 3
34333 38803 4
34333 51223 1
34333 65667 1
34407 38803 1
35366 38803 1
35379 18249 1
35379 24230 1
35379 87581 1
35379 97627 1
35379 38803 2
35379 43919 1
35379 16786 1
35379 62600 1
35379 76003 1
35379 85068 1
35562 96198 1
37716 9412 1
37716 53265 1
37716 1802 1
37716 14455 1
38813 6554 1
38813 38803 1
39147 6554 1
39147 97627 1
39147 14455 1
39147 38803 3
39147 35172 1
39147 96198 1
39147 16786 1
39352 6554 1
39352 14455 1
39352 38803 1
39352 43919 1
39596 38803 1
39939 38803 1
40827 38803 1
42228 24416 1
42228 23239 1
42228 38803 1
42228 35172 1
42228 60246 1
42228 24124 1
42228 35832 1
42330 38803 1
42343 6554 1
42343 38803 1
42906 6554 1
42906 14455 1
42906 38803 2
42906 51223 1
42906 49899 1
42906 65667 1
42906 24124 1
43053 6554 2
43053 18249 1
43053 24230 1
43053 35379 1
43053 42906 2
43053 44462 2
43053 49835 1
43053 52345 1
43053 71892 1
43053 87574 1
43053 97627 1
43053 14455 3
43053 38803 3
43053 60127 1
43053 12183 1
43053 14033 1
43053 14563 1
43053 35172 1
43053 96198 1
43053 16786 1
43053 3123 1
43053 60246 1
43053 65667 3
43053 47697 1
43053 76003 1
43053 24124 1
43053 35832 1
43053 29538 1
43053 45611 1
43053 12804 1
43053 728 1
43053 71513 1
43053 23759 1
43053 25560 1
43053 37611 1
43053 52512 1
43053 64411 1
43053 65631 1
43053 73803 1
43053 80921 1
43053 83623 1
43053 85544 1
43202 6554 1
43202 38803 1
43299 6554 1
43299 38803 1
43364 7613 1
43610 9412 1
43610 18249 1
43610 38803 1
43610 96198 1
44046 38803 1
44462 24230 1
44462 35379 2
44462 49835 1
44462 54685 1
44462 75958 1
44462 87581 3
44462 97627 1
44462 14455 1
44462 51223 1
44462 46734 1
44462 12183 1
44462 14563 1
44462 35172 1
44462 16786 1
44462 48572 1
44462 62600 2
44462 76003 1
44462 35832 1
44462 29538 1
44462 68563 1
44462 13259 1
44462 728 1
44462 23759 1
44462 42279 1
44462 74097 1
46263 72927 1
48139 6554 1
48139 52345 1
48139 14455 1
48139 38803 1
49835 38803 1
51294 14455 1
51294 38803 1
51294 60246 1
51294 84071 1
51294 29538 1
51294 64411 1
51690 6554 1
51690 38803 2
51782 12183 1
52004 38803 1
52285 6554 1
52285 71892 1
52285 38803 3
52345 1522 1
52345 14455 1
52345 38803 1
52345 2094 1
52345 14033 1
53265 6554 1
53265 9412 2
53265 35379 1
53265 1802 2
53270 1522 1
53270 6554 3
53270 24230 1
53270 24416 1
53270 35379 1
53270 53392 1
53270 59527 1
53270 62891 1
53270 71886 1
53270 75958 1
53270 86775 1
53270 97627 1
53270 1802 2
53270 14455 1
53270 38803 6
53270 51223 1
53270 12183 1
53270 14033 1
53270 19811 1
53270 61962 1
53270 60761 1
53270 89508 1
53270 2494 1
53270 77412 1
53270 65667 1
53270 76003 1
53270 28496 1
53270 29538 1
53270 728 1
53270 74097 1
53270 12271 2
53270 20174 1
53270 64841 2
53270 71508 1
53270 91412 1
53392 38803 1
53720 65667 1
54278 6554 1
54278 71892 1
54278 14455 1
54306 38803 1
54685 24416 1
54685 28566 1
54685 35379 1
54685 42906 1
54685 44462 1
54685 87581 1
54685 97627 1
54685 1802 1
54685 14455 2
54685 23239 1
54685 38803 2
54685 51223 1
54685 12183 2
54685 14563 1
54685 35172 1
54685 49899 1
54685 96198 1
54685 60246 1
54685 62600 1
54685 65667 1
54685 47697 1
54685 76003 1
54685 35832 1
54685 84071 1
54685 29538 2
54685 35940 1
54685 68563 1
54685 13259 1
54685 21793 1
54685 45611 1
54685 78261 1
54685 728 1
54685 71513 1
54685 12271 1
54685 55064 1
54799 6554 2
54799 39352 1
54799 14455 2
54799 38803 3
54799 3123 1
54799 65667 1
55128 19811 1
55838 38803 1
56091 51223 1
56091 394 1
56183 38803 1
56309 38803 1
57216 87581 1
57216 35172 1
57216 62600 1
57491 14563 1
58213 51223 1
58213 12183 1
58213 24124 1
58213 29538 1
58213 68563 1
58463 6554 1
58463 38803 1
58857 38803 1
59429 6554 1
59429 24230 1
59429 24416 1
59429 35379 1
59429 52285 1
59429 53265 1
59429 54685 1
59429 56091 1
59429 62891 1
59429 75958 1
59429 86775 1
59429 97627 1
59429 1802 1
59429 14455 2
59429 23239 1
59429 38803 2
59429 51223 2
59429 12183 1
59429 14563 1
59429 35172 2
59429 96198 1
59429 2494 1
59429 16786 1
59429 41722 1
59429 62600 1
59429 76003 1
59429 35832 1
59429 29538 1
59429 47044 1
59429 13259 1
59429 35223 1
59429 71508 1
59527 6554 1
59527 38803 1
59527 51223 1
60305 1802 1
60305 14455 1
60305 38803 1
60305 51223 1
60305 41722 1
60305 85194 1
60711 51223 1
60711 80418 1
61561 1802 1
61561 14455 1
61561 38803 1
61561 51223 1
61561 96198 1
62380 38803 1
62704 9412 1
62704 18249 1
62704 24230 2
62704 24416 1
62704 35379 2
62704 39352 1
62704 71857 1
62704 14455 1
62704 23239 1
62704 38803 2
62704 51223 1
62704 12183 1
62704 14563 1
62704 35172 1
62704 60246 1
62704 65667 1
62704 76003 1
62704 24124 1
62704 35832 1
62704 29538 1
62704 68563 1
62704 45611 1
62704 85068 1
62704 65631 1
62704 80921 1
62704 71508 1
62704 3804 1
62704 23215 1
62704 59595 1
62891 6554 2
62891 9412 1
62891 35379 1
62891 87581 1
62891 16786 1
62891 72927 1
63503 2494 1
63503 3123 1
63503 728 1
63503 73429 1
63530 38803 1
65643 6554 1
65643 38803 3
65643 51223 1
65686 38803 1
65855 38803 1
66197 38803 1
69773 6554 3
69773 39352 1
69773 44462 1
69773 14455 1
69773 1691 1
69773 14033 1
69773 16786 2
69773 76003 1
69773 49143 1
69773 73367 1
70369 1522 1
70369 6554 1
70369 24230 1
70369 35379 1
70369 42906 2
70369 46263 1
70369 14455 1
70369 38803 1
70369 51223 1
70369 35172 1
70369 62600 1
70369 35832 1
70369 29538 1
70369 61951 1
70424 38803 1
71857 6554 2
71857 35379 1
71857 42343 1
71857 75958 1
71857 14455 1
71857 38803 4
71857 51223 2
71857 2094 1
71857 14081 1
71857 2494 2
71857 16786 1
71886 38803 1
71892 6554 2
71892 38803 1
72969 18249 1
72969 35379 1
72969 39352 1
72969 44462 1
72969 87581 1
72969 14033 1
72969 62600 1
72969 81873 1
72969 23759 1
72969 73803 1
72969 74097 1
72977 51223 1
72977 35172 1
73331 6554 1
73884 1522 1
73884 6554 1
73884 71892 1
73884 14455 1
73884 38803 2
73884 2094 1
73884 12183 1
73884 14563 1
73884 96198 1
73884 60246 1
73884 79551 1
73884 33611 1
73884 35223 1
73884 71513 1
74573 38803 1
74573 65667 1
74759 51223 1
75958 38803 1
75960 38803 1
76118 38803 1
76508 38803 1
77687 9412 1
77687 70369 1
77687 23239 1
77687 38803 1
77687 91629 1
77687 96198 1
80363 38803 1
81425 18249 1
81425 24418 1
81425 14455 2
81425 38803 2
81425 12183 1
81425 65667 2
81467 38803 1
81845 38803 1
82047 24191 1
83109 14455 1
83109 38803 2
83109 12183 1
83109 96198 1
85396 38803 1
85464 42906 1
85464 38803 2
85464 50855 1
86619 38803 2
86619 51223 1
86755 38803 1
86775 75958 1
86775 38803 1
87025 38803 1
87028 38803 1
87028 65667 1
87193 97627 1
87193 14455 1
87193 38803 1
87484 38803 1
87574 51223 1
87581 6554 1
87581 35379 1
87581 44462 1
87581 14455 1
87581 62600 3
87581 37114 1
87894 9412 1
88099 51223 1
90052 38803 1
90052 2094 1
90052 57912 1
90212 1522 1
90212 6554 1
90212 24416 1
90212 14455 1
90212 23239 1
90212 38803 2
90212 51223 1
90212 12183 1
90212 14563 1
90212 3123 1
90212 60246 1
90212 65667 1
90212 35832 1
90212 68563 1
90212 9671 1
90212 65631 1
90212 43669 1
90388 38803 2
91777 38803 1
91777 45611 1
93599 97627 1
93599 38803 1
93599 14033 1
95513 1122 1
95513 6554 2
95513 18249 1
95513 24230 1
95513 24416 1
95513 35379 1
95513 42906 1
95513 97627 1
95513 1802 1
95513 14455 1
95513 18114 1
95513 38803 2
95513 51223 1
95513 60246 1
95513 73269 1
95513 33611 1
95513 35832 1
95513 59534 1
95513 85068 1
95513 73803 1
95868 38803 1
96228 6554 1
96228 14455 1
96228 38803 1
96228 51223 1
97627 51223 1
97789 38803 1
98254 38803 1
98254 51223 1
98254 96198 1
98254 62600 1
98254 73803 1
98484 38803 1
99087 44462 1
99087 38803 1
99678 51223 1
99678 35172 1
99946 38803 1
