264 51921 1
264 89511 1
264 73623 -1
264 93633 -3
412 31061 1
412 91308 1
412 78285 -1
430 22254 -1
430 43531 -1
430 62870 -1
430 75583 1
430 60930 -1
430 65667 2
650 5212 1
650 5406 2
650 11630 2
650 24418 2
650 37114 1
650 43531 1
650 71929 1
650 76123 1
650 89511 -1
650 96351 1
650 98230 1
650 6359 1
650 18249 1
650 28566 1
650 37225 1
650 52018 1
650 59527 1
650 87246 1
650 89508 2
650 94384 2
650 94691 3
650 61314 -1
650 60604 1
650 62600 2
650 14081 1
650 2094 2
650 2040 1
650 24124 1
650 60127 1
650 65667 2
650 39739 1
650 73269 1
650 4810 1
650 35389 1
650 71508 1
650 99612 1
650 54465 1
650 73367 2
650 8092 1
650 14615 1
650 16786 1
650 20345 1
650 29538 1
650 31430 1
650 33042 1
650 34865 1
650 34949 1
650 35832 2
650 37611 1
650 47697 1
650 47735 1
650 48410 1
650 49788 1
650 60246 1
650 70267 1
650 75863 1
650 93922 1
755 89511 -1
755 62600 1
755 14081 1
755 22099 1
755 62417 1
962 5406 -1
962 11630 -1
962 51921 1
962 75272 -1
962 19811 -2
962 26612 -1
962 48572 -1
962 60604 -1
962 62600 -1
962 70233 -1
962 72212 -1
962 76613 -2
962 91629 -2
1303 264 -1
1396 62870 2
1396 75583 -1
1396 81805 1
1396 14081 1
1396 26634 1
1396 66501 1
1396 62905 1
1396 93832 1
1617 62870 -2
2474 11630 -1
3654 3777 3
3654 4642 -3
3654 5212 -1
3654 7113 1
3654 8279 6
3654 10008 -1
3654 11630 1
3654 14529 1
3654 20606 -1
3654 22254 -2
3654 23396 1
3654 24418 2
3654 35246 -1
3654 36614 -6
3654 37307 2
3654 38075 -4
3654 41973 4
3654 43531 -7
3654 45957 -3
3654 51147 6
3654 51921 4
3654 52682 -1
3654 56068 1
3654 56153 1
3654 57491 1
3654 59808 1
3654 60655 3
3654 62870 -11
3654 69869 -1
3654 73099 1
3654 79421 2
3654 82849 -2
3654 85068 1
3654 85464 1
3654 87191 -3
3654 90052 1
3654 95679 -1
3654 98230 2
3654 98891 -1
3654 19391 -1
3654 25560 2
3654 30143 1
3654 30204 -1
3654 34764 1
3654 40457 1
3654 40827 1
3654 42523 -1
3654 43440 -2
3654 65914 -4
3654 81805 -2
3654 93633 1
3654 94485 -1
3654 96292 -1
3654 60930 -3
3654 26612 -4
3654 91629 1
3654 1251 -1
3654 3256 -1
3654 8343 -2
3654 14081 -2
3654 24416 -1
3654 26634 -1
3654 29745 -1
3654 50929 -2
3654 53557 -1
3654 64428 -1
3654 66501 -1
3654 92015 -2
3654 94377 -1
3654 67452 2
3654 72970 2
3654 53210 3
3654 65667 7
3654 28139 1
3654 73269 1
3654 23576 1
3654 63756 2
3654 63469 1
3654 49899 1
3654 69959 1
3654 23722 1
3654 26276 1
3654 47142 3
3654 52680 1
3654 79910 1
3654 86558 1
3654 38671 1
3654 29538 1
3654 982 1
3654 12009 2
3654 16655 1
3654 19135 1
3654 48076 2
3654 63380 1
3654 82423 1
3654 82990 1
3654 84071 1
3735 38075 1
3735 62870 1
3735 75583 -1
3735 9501 1
3777 8279 2
3777 11630 1
3777 14529 1
3777 17383 -1
3777 20314 -1
3777 36614 -1
3777 41973 1
3777 42862 -1
3777 43531 -4
3777 51921 1
3777 61154 -2
3777 62870 -6
3777 95679 -1
3777 67452 1
3777 65667 3
3777 47142 1
3777 72207 1
4054 3777 -2
4054 4642 1
4054 5212 1
4054 5406 1
4054 8279 -1
4054 20314 1
4054 20606 1
4054 21112 1
4054 38075 1
4054 43531 3
4054 62870 3
4054 82849 1
4054 27029 1
4054 35379 1
4054 65914 1
4054 48572 1
4054 14081 1
4054 29745 1
4054 50929 1
4054 67452 -1
4054 70344 -1
4054 72970 -1
4054 92472 -1
4054 2094 1
4054 2179 1
4054 62905 1
4054 12426 1
4054 88632 1
4148 38075 1
4148 75583 -1
4148 94803 2
4148 75189 1
4388 51147 1
4388 51921 1
4388 89511 -1
4388 62600 1
4388 65667 1
4642 43531 1
4642 90052 -1
4642 95532 -1
4642 26612 1
4642 3256 1
4642 85679 -1
4642 20070 1
4677 12214 -1
4677 23042 -1
4677 21974 1
5121 45957 -1
5212 11630 -1
5406 60655 -1
5406 62870 1
5406 72927 1
5406 96351 1
5406 98891 1
5406 35379 1
5406 89508 3
5406 90212 1
5406 91308 1
5406 93633 1
5406 14081 1
5406 2040 1
5406 61070 1
5406 49901 2
5406 73269 1
5406 85305 1
5406 55426 1
5406 35389 1
5406 35832 1
5406 47697 1
5406 13127 1
5406 15001 1
5406 44062 1
5509 43531 -1
5509 51921 1
5509 60930 -1
5695 62870 -1
5695 98230 1
5695 65667 2
6099 4642 -2
6099 8279 1
6099 11331 -3
6099 22254 -2
6099 31061 -1
6099 34905 1
6099 36614 -2
6099 37307 1
6099 38075 -1
6099 43531 -1
6099 51921 1
6099 52682 -1
6099 59808 2
6099 60655 1
6099 62870 -4
6099 64506 1
6099 75583 1
6099 79421 1
6099 82849 -1
6099 85464 1
6099 90052 1
6099 94178 -1
6099 96198 1
6099 98230 1
6099 25560 4
6099 65914 -2
6099 81805 -1
6099 78285 4
6099 48572 -1
6099 14081 -1
6099 29745 -1
6099 50929 -1
6099 94377 -1
6099 2078 -2
6099 6091 -1
6099 13019 -1
6099 18213 -1
6099 39196 -1
6099 56168 -2
6099 53210 2
6099 65667 5
6099 73269 1
6099 63469 1
6099 52680 2
6099 1833 1
6099 12009 1
6099 82423 1
6099 28647 1
6099 78718 2
6482 62870 -1
6482 72970 1
6482 65667 1
6482 982 1
6540 59808 4
6540 75583 -1
6540 35379 1
6540 26612 1
6540 28156 2
6540 59145 2
6540 78424 2
6540 31161 1
6716 4642 1
6716 36614 1
6716 38075 2
6716 59808 -1
6716 62870 1
6716 65914 1
7113 4642 -3
7113 11630 -1
7113 22254 -1
7113 31061 -1
7113 36614 -1
7113 38075 -1
7113 43531 -3
7113 45957 -1
7113 51147 1
7113 51402 1
7113 51921 1
7113 62870 -3
7113 71929 -1
7113 75583 1
7113 82849 -1
7113 98230 2
7113 98891 -1
7113 25560 1
7113 65914 -1
7113 94485 -1
7113 96292 -1
7113 78285 3
7113 60930 -1
7113 26612 -2
7113 14081 -1
7113 50929 -1
7113 94377 -1
7113 2094 -1
7113 2179 -1
7113 56348 -1
7113 69468 2
7113 65667 2
7113 47142 1
7113 97460 1
7113 24848 1
7691 62870 -1
8010 89508 1
8010 62600 -1
8251 12549 -1
8251 25159 -1
8279 4642 -1
8279 20314 -1
8279 36614 -1
8279 51147 1
8279 51921 1
8279 52682 -1
8279 60655 1
8279 62870 -2
8279 79421 1
8279 81805 -1
8279 60930 -1
8279 26612 -1
8279 14081 -1
8279 92015 -1
8279 67452 1
8279 72970 1
8279 54706 -1
8279 65667 3
8279 49899 1
8279 82423 1
8279 6869 1
8328 57478 -1
8328 73803 -1
8328 98890 -1
8328 16786 1
8911 4642 -1
9412 76123 1
9412 93633 2
9412 62600 1
9412 85679 1
9412 69468 -1
9412 13521 1
9490 8010 1
9490 22254 3
9490 37114 1
9490 39265 3
9490 43531 2
9490 53260 1
9490 79421 -1
9490 82849 3
9490 28566 -1
9490 45551 1
9490 58463 -1
9490 94691 -1
9490 62600 -3
9490 2094 -4
9490 2179 2
9490 2040 -1
9490 24124 -1
9490 25061 -1
9490 60127 -1
9490 91801 -1
9490 61070 1
9490 23573 1
9490 27842 1
10008 51147 -1
10008 71929 3
10008 52660 -1
10008 53210 -1
10008 89028 -1
11331 71929 1
11331 65667 -1
11331 18067 1
11627 26612 -1
11630 3777 1
11630 5406 3
11630 8279 1
11630 20314 -1
11630 32002 1
11630 37114 1
11630 51147 4
11630 51921 2
11630 72927 3
11630 85464 1
11630 89511 -1
11630 95532 -1
11630 96351 3
11630 98230 2
11630 9322 2
11630 33109 -1
11630 35845 1
11630 43202 1
11630 52018 1
11630 59527 6
11630 89508 13
11630 90212 1
11630 93633 1
11630 94384 1
11630 94691 3
11630 61314 -3
11630 62600 5
11630 72212 1
11630 50929 1
11630 65667 2
11630 13427 -1
11630 61070 -1
11630 73269 1
11630 85305 2
11630 4810 1
11630 63469 1
11630 69796 1
11630 6155 1
11630 65042 2
11630 71508 4
11630 98187 1
11630 14615 1
11630 16786 2
11630 31430 1
11630 49788 1
11630 75863 1
11630 96374 1
11630 14249 1
11630 35223 1
11630 48803 1
11630 52666 1
11810 1303 -1
11810 9412 -1
11810 43531 -1
11810 51147 1
11810 51921 3
11810 75416 -1
11810 95679 1
11810 2451 -1
11810 20162 -1
11810 25657 -2
11810 28566 -1
11810 43053 -2
11810 43202 -2
11810 93633 -2
11810 97805 -1
11810 19811 -1
11810 62600 -1
11810 61070 1
11810 3221 -1
11810 8095 -1
11810 28139 -2
11810 33860 -1
11810 36565 -1
11810 38556 -2
11810 39739 -1
11810 77775 -1
11810 84392 -1
11810 71480 1
11810 28931 1
11810 32624 1
11810 51414 1
13055 93633 -1
13785 62870 -1
14529 8279 1
14529 43531 -1
14529 79421 1
14529 98230 2
14529 54278 1
14529 86944 1
14529 78285 3
14529 65667 2
14932 93633 -1
14932 88567 -1
14932 91096 1
15156 59808 1
15156 72927 -1
15581 62870 -1
15581 65914 -1
15595 84197 -1
15595 91308 -1
15595 60604 -1
15595 62600 -1
15595 65667 -1
15595 61070 1
15595 49901 -1
15595 73269 -1
17012 59527 -1
17139 39265 1
17139 68358 -1
17139 75583 -3
17139 45551 1
17139 59527 1
17139 50929 1
17383 3777 -1
17383 4060 1
17383 91128 1
17889 3777 -1
17922 9412 -1
17922 11630 -1
17922 76123 -1
17922 79350 1
17922 96198 -1
17922 93633 -1
17922 94691 -1
17922 62600 -2
17922 85679 -1
17922 13521 -1
17922 47611 1
18004 4642 1
18004 5212 1
18004 8010 2
18004 9412 1
18004 14529 -1
18004 36614 2
18004 39265 3
18004 51147 -1
18004 52665 1
18004 62870 1
18004 64506 -1
18004 69869 1
18004 73794 2
18004 79421 -1
18004 82849 2
18004 90052 -2
18004 35379 3
18004 59527 1
18004 65914 2
18004 81805 1
18004 88339 1
18004 96292 1
18004 50929 4
18004 92015 1
18004 65667 -1
18004 61070 2
18004 23576 -1
18004 33611 -1
18004 56309 -1
18004 63756 -2
18004 71480 -1
18004 91070 1
18004 43481 1
18004 20070 1
18004 12426 2
18004 43168 1
18004 73507 1
18279 85679 1
18279 71480 -1
18479 62870 -1
18479 65667 1
18624 3256 -1
18624 2040 -1
19194 87222 -1
19268 4642 -1
19268 38075 -1
19268 51921 2
19268 62870 -1
19268 87191 -1
19268 65914 -1
19268 982 1
19925 68358 -1
19925 4060 1
20314 8279 -1
20314 11630 -1
20314 62870 2
20314 75272 -1
20314 95061 1
20314 61070 2
20314 11101 2
20606 8343 1
20606 61070 1
20606 85305 -1
20877 93633 1
20877 88567 1
20877 11691 -1
20877 88560 1
21096 73794 -1
21096 26238 1
21112 5212 1
21112 38075 1
21112 75583 -1
21358 51921 1
21358 62600 -1
21956 95165 1
21956 29745 -1
22096 95532 -1
22254 5406 1
22254 8010 3
22254 20606 1
22254 36614 2
22254 38075 5
22254 39265 3
22254 43294 1
22254 43531 5
22254 45957 1
22254 52682 1
22254 53260 1
22254 60655 -1
22254 62870 8
22254 68358 -1
22254 69869 2
22254 70358 1
22254 71929 1
22254 75583 -4
22254 82849 5
22254 85464 -1
22254 94178 2
22254 9501 2
22254 16367 1
22254 42523 1
22254 43440 3
22254 45551 1
22254 51117 2
22254 56183 1
22254 65914 3
22254 81805 1
22254 91308 1
22254 60930 2
22254 26612 7
22254 14081 2
22254 24416 1
22254 50929 2
22254 92015 1
22254 2094 2
22254 2179 1
22254 65667 -1
22254 14731 -1
22254 80306 -1
22254 18764 2
22254 97977 1
22254 4060 1
22254 80883 1
22254 1291 1
22254 20070 3
22254 5103 1
22254 11804 1
22254 18854 1
22254 31508 1
22254 48837 1
23381 4642 1
23381 11630 -3
23381 38075 1
23381 41973 -1
23381 62870 3
23381 71929 2
23381 75583 -1
23381 79421 -1
23381 90052 -1
23381 98230 -1
23381 9501 1
23381 16367 1
23381 20162 -1
23381 65914 1
23381 74533 -1
23381 81805 1
23381 62600 -3
23381 72212 -1
23381 8343 1
23381 26634 1
23381 50929 1
23381 85679 -1
23381 2179 1
23381 60127 -1
23381 65667 -1
23381 61070 3
23381 33860 -1
23381 88567 -1
23381 2419 -1
23381 4810 -1
23381 31703 -1
23381 51229 -1
23381 52736 -1
23381 63469 -2
23381 69894 -1
23381 91763 -1
23381 12426 1
23381 11804 1
23396 72927 1
23396 96292 -1
23396 82942 1
24157 62870 -2
24157 25560 1
24157 65667 1
24224 73794 -1
24224 96292 -1
24224 60604 1
24224 99087 1
24224 47697 1
24224 82942 1
24418 4642 -2
24418 8328 1
24418 36614 -1
24418 41973 1
24418 51147 2
24418 51921 2
24418 52682 -1
24418 66750 1
24418 75272 1
24418 75583 1
24418 89511 -1
24418 96351 1
24418 98230 2
24418 8909 1
24418 12804 1
24418 37225 1
24418 43202 2
24418 59527 1
24418 86944 1
24418 87246 2
24418 89508 3
24418 94384 1
24418 94691 1
24418 60604 2
24418 62600 2
24418 91629 4
24418 92015 1
24418 25061 1
24418 65667 5
24418 28139 1
24418 73269 2
24418 23576 1
24418 52736 1
24418 35389 1
24418 78781 1
24418 54465 1
24418 16786 1
24418 20345 1
24418 33042 1
24418 35832 1
24418 75863 2
24418 982 1
24418 19135 1
24418 21389 1
24418 35223 1
24418 92401 1
24881 48572 -1
24881 55426 -1
24937 11630 -1
24937 43531 1
24937 59808 -1
24937 62870 4
24937 68358 -1
24937 71929 1
24937 98891 1
24937 35379 1
24937 51117 1
24937 65914 1
24937 29745 1
24937 94377 1
24937 85679 -1
24937 6091 1
24937 2094 1
24937 61070 1
24937 62905 1
25199 73794 -1
25199 98891 -1
25199 96292 -1
25199 61070 -1
25347 4642 1
25347 37114 1
25347 38075 1
25347 43531 1
25347 51921 1
25347 60655 -1
25347 62870 2
25347 62891 1
25347 82849 1
25347 98891 1
25347 43440 1
25347 81805 1
25347 26612 1
25347 14081 1
25347 50929 1
25347 2179 1
25472 4642 1
25472 10008 1
25472 20606 1
25472 21112 2
25472 36614 1
25472 37114 3
25472 38075 1
25472 49481 3
25472 51921 1
25472 52682 1
25472 59808 -2
25472 62891 2
25472 68358 -4
25472 75272 -3
25472 89511 1
25472 95936 1
25472 98992 -1
25472 35379 1
25472 48363 1
25472 73997 -2
25472 81805 2
25472 89208 -2
25472 94691 -1
25472 70233 -2
25472 85679 -1
25472 6254 -1
25472 7482 -1
25472 15867 -1
25472 32857 -1
25472 49899 -1
25472 65588 -1
25472 69796 -1
25472 55200 3
25472 40023 1
25786 36614 1
25786 39265 1
25786 52682 1
25786 62870 3
25786 75583 -1
25786 82849 2
25786 98891 1
25786 65914 2
25786 81805 1
25786 88339 1
25786 26612 2
25786 50929 1
25786 70344 -1
25786 2179 1
25786 69959 -4
25786 75630 1
26848 3777 2
26848 4642 -1
26848 5212 -1
26848 53228 1
26848 60655 1
26848 75583 1
26848 25560 1
26848 67190 -1
26848 85679 1
26848 65667 2
26848 63469 1
26848 69894 -1
26848 38885 1
26900 89511 -1
26900 98230 1
26900 85305 1
27516 61154 -1
27516 62870 -1
27516 98230 1
27516 62600 1
27727 9412 -1
27727 11630 -1
27727 98891 1
27727 89208 -1
27727 93633 -1
27727 94691 -1
27727 62600 -2
27727 28139 -1
27791 3777 -1
27791 9412 -3
27791 21096 -1
27791 51921 3
27791 72621 1
27791 72927 -2
27791 95679 1
27791 12549 -1
27791 12804 -1
27791 25560 1
27791 40457 -1
27791 43053 -1
27791 93633 -13
27791 94691 -1
27791 97057 -1
27791 97805 -1
27791 98323 -1
27791 76613 -3
27791 28139 -5
27791 36565 -2
27791 27905 -1
27791 39852 -1
27791 42914 -1
27791 43693 -2
27791 53265 -1
27791 64176 -1
27791 68833 -1
27791 78116 -1
27791 94832 -1
27791 70388 2
30100 4642 -1
30100 37114 1
30100 33109 3
30100 94691 -1
30100 8343 1
30309 24353 -3
30309 62600 -2
30309 8343 1
30309 81467 -1
30489 51147 1
30489 62870 -1
30489 27057 -1
30489 65914 -1
30489 65667 1
30587 5212 1
30587 37114 1
30587 38075 1
30587 43531 2
30587 62870 3
30587 82849 1
30587 87191 1
30587 95532 -1
30587 35171 1
30587 35379 1
30587 59527 4
30587 65914 1
30587 89508 1
30587 19811 1
30587 26612 1
30587 48572 1
30587 14081 1
30587 50929 2
30587 53557 1
30587 52736 1
30587 91070 1
30587 12426 1
30587 35223 1
30587 22544 1
30587 42921 1
31061 43531 1
31061 45957 1
31061 82849 1
31061 95165 -1
31061 96198 -1
31061 78285 -4
31061 29745 2
31061 2179 1
31061 61070 1
31061 33611 -1
31061 42906 -1
31190 3777 -1
31190 4642 1
31190 5406 1
31190 8279 -2
31190 31061 3
31190 35246 1
31190 36614 1
31190 38075 5
31190 39265 1
31190 41493 1
31190 43531 3
31190 45957 1
31190 51147 -2
31190 52682 1
31190 57491 -1
31190 60655 -1
31190 62870 4
31190 62891 1
31190 69869 1
31190 75583 -2
31190 79421 -2
31190 86596 -2
31190 98891 1
31190 98992 -1
31190 5400 1
31190 16367 1
31190 43440 1
31190 59527 3
31190 65914 3
31190 72355 1
31190 81805 1
31190 84197 -1
31190 91308 3
31190 78285 -6
31190 26612 1
31190 14081 1
31190 26634 1
31190 50929 3
31190 53210 -1
31190 65667 -5
31190 61070 1
31190 28139 -1
31190 49901 -1
31190 73269 -1
31190 63756 -1
31190 49899 -1
31190 2406 -1
31190 2939 -1
31190 23722 -1
31190 26276 -1
31190 47142 -1
31190 52680 -2
31190 74522 -1
31190 59534 1
31190 76104 1
31190 3149 1
31190 55042 1
31190 71670 1
31190 97770 1
32002 5406 1
32002 72927 1
32002 73794 1
32002 95532 -2
32002 59527 1
32002 89508 1
32002 62600 1
33435 5212 1
33435 38075 1
33435 39265 1
33435 43531 1
33435 45957 1
33435 71929 1
33435 82849 1
33435 35379 1
33435 65914 1
33435 81805 1
33435 89508 1
33435 50929 2
33435 2179 1
33435 25061 1
33435 61070 1
33435 32857 -1
33435 31508 1
33435 79793 1
33435 81283 1
33800 5406 1
33800 55426 1
33800 59534 -1
33977 68358 -3
33977 73623 1
33977 4060 1
34905 3777 1
34905 4642 -9
34905 5212 -2
34905 22254 -1
34905 31061 -1
34905 36614 -4
34905 37307 1
34905 38075 -4
34905 41493 -2
34905 41973 2
34905 42390 1
34905 43531 -2
34905 45957 -1
34905 51502 2
34905 51921 2
34905 52682 -2
34905 57113 -1
34905 62870 -1
34905 71929 -1
34905 76123 1
34905 79421 1
34905 85464 1
34905 87191 -1
34905 90052 1
34905 90818 -1
34905 95679 -2
34905 95845 1
34905 98230 1
34905 98891 -1
34905 4237 -2
34905 25560 1
34905 37635 -1
34905 59527 -6
34905 65914 -2
34905 91308 -1
34905 78285 1
34905 26612 -2
34905 1251 -1
34905 50929 -4
34905 94377 -1
34905 67452 1
34905 72970 2
34905 2094 -1
34905 2179 -1
34905 2040 -1
34905 53210 1
34905 65667 4
34905 61070 -1
34905 28139 2
34905 73269 1
34905 63756 2
34905 47142 2
34905 5560 -1
34905 12423 -1
34905 15475 -2
34905 16642 -1
34905 21974 -1
34905 24572 -1
34905 42204 -2
34905 57854 -3
34905 74350 -1
34905 75630 -1
34905 78656 -1
34905 85541 -1
34905 87102 -1
34905 91070 -2
34905 33757 1
34905 63380 1
34905 82942 1
34905 1120 1
34905 3716 2
34905 9851 1
34905 99098 1
35246 3777 -2
35246 4642 2
35246 5212 3
35246 5406 1
35246 8010 1
35246 11331 3
35246 11630 -1
35246 20606 1
35246 21112 1
35246 22254 1
35246 31061 2
35246 36614 2
35246 38075 5
35246 39265 2
35246 41493 1
35246 43294 1
35246 43299 2
35246 43531 5
35246 45957 3
35246 52665 1
35246 52682 2
35246 60655 -2
35246 61154 1
35246 62870 12
35246 62891 1
35246 69869 2
35246 70358 1
35246 71929 4
35246 75272 -1
35246 75583 -8
35246 79421 -1
35246 82849 6
35246 86596 -1
35246 90052 -1
35246 94567 1
35246 95679 1
35246 98891 2
35246 13198 1
35246 27029 1
35246 33109 1
35246 35379 2
35246 42523 1
35246 43440 2
35246 59527 1
35246 65914 4
35246 81805 1
35246 90212 -1
35246 91308 6
35246 96292 1
35246 26612 5
35246 60604 -2
35246 14081 3
35246 24416 1
35246 26634 1
35246 50929 2
35246 92015 1
35246 94377 1
35246 67452 -1
35246 2094 1
35246 2179 2
35246 65667 -2
35246 61070 3
35246 73269 -2
35246 55426 1
35246 52680 -1
35246 41590 -2
35246 71584 1
35246 1968 2
35246 43481 1
35246 36232 1
35246 20070 1
35246 37611 1
35246 12426 4
35246 35223 2
35246 43168 2
35246 31508 1
35246 10439 1
35246 16370 1
35246 19082 1
35246 81662 1
35246 91636 1
35539 4642 -2
35539 8279 1
35539 36614 -1
35539 59808 1
35539 62870 -2
35539 68358 1
35539 72355 -1
35539 81805 -1
35539 60930 -1
35539 65667 1
35539 47142 1
36614 4642 2
36614 5212 2
36614 8010 1
36614 8279 -1
36614 21112 1
36614 38075 5
36614 39265 1
36614 43531 1
36614 52665 1
36614 60655 -2
36614 62870 3
36614 71929 1
36614 75583 -1
36614 82849 1
36614 86596 -1
36614 59527 1
36614 65914 2
36614 81805 1
36614 26612 2
36614 8343 1
36614 50929 2
36614 61070 1
36614 21974 1
36614 20070 1
36614 12426 1
36614 35223 1
36614 11804 1
36614 10439 1
36614 58442 1
36614 15725 1
37114 89511 1
37114 94287 1
37114 33109 1
37114 34282 -1
37307 3777 3
37307 4642 -3
37307 5212 -2
37307 6099 2
37307 8279 2
37307 11331 -1
37307 14529 4
37307 21112 -1
37307 22254 -1
37307 35246 -3
37307 36614 -1
37307 38075 -8
37307 39265 -1
37307 41973 1
37307 43299 -1
37307 43531 -5
37307 49768 1
37307 51921 2
37307 52682 -1
37307 57491 1
37307 60655 2
37307 62870 -5
37307 65643 1
37307 70194 1
37307 70358 -1
37307 71929 -1
37307 75583 4
37307 77981 1
37307 79421 2
37307 80466 -1
37307 86596 1
37307 87191 -1
37307 95845 1
37307 98230 2
37307 19391 -1
37307 25560 3
37307 65914 -5
37307 81805 -2
37307 94485 -1
37307 26612 -3
37307 14081 -1
37307 24416 -1
37307 50929 -1
37307 53557 -1
37307 92015 -1
37307 94377 -3
37307 72970 1
37307 65667 9
37307 73269 2
37307 63756 1
37307 49899 1
37307 2939 1
37307 23722 1
37307 26276 1
37307 47142 1
37307 52680 2
37307 5560 -2
37307 97386 -1
37307 982 2
37307 15387 1
37307 29261 1
37307 47708 1
37307 62351 1
37307 68938 1
37307 71660 1
37307 77108 1
37936 62600 -1
38075 3777 -1
38075 4642 1
38075 59808 -1
38075 62870 1
38075 62891 1
38075 86596 -1
38075 35379 1
38075 43440 2
38075 91629 -1
38075 26634 1
38075 65667 -1
38075 61070 2
38220 62600 -1
38474 36419 -1
39265 3777 -1
39265 5212 1
39265 5406 2
39265 8010 4
39265 8279 -1
39265 11331 4
39265 18004 1
39265 20314 1
39265 20606 1
39265 22254 3
39265 23381 2
39265 36614 3
39265 38075 8
39265 43531 10
39265 45957 1
39265 52682 1
39265 57491 -1
39265 60655 -1
39265 62870 18
39265 69869 2
39265 70358 1
39265 71929 3
39265 73794 1
39265 75583 -6
39265 79421 -1
39265 82849 3
39265 86596 -2
39265 90052 -2
39265 94178 1
39265 94567 1
39265 95679 1
39265 9501 2
39265 19391 1
39265 30204 1
39265 35379 1
39265 42523 1
39265 43440 1
39265 65914 5
39265 81805 2
39265 88339 2
39265 91308 1
39265 26612 10
39265 62600 -1
39265 3256 2
39265 8343 1
39265 14081 2
39265 50929 2
39265 92015 1
39265 67452 -1
39265 54706 1
39265 65667 -5
39265 61070 2
39265 23722 -1
39265 47142 -1
39265 21974 1
39265 91070 1
39265 1833 -1
39265 28137 -1
39265 79910 -1
39265 18067 1
39265 1291 1
39265 36232 1
39265 12426 1
39265 35223 1
39265 43168 1
39265 91636 1
39265 37053 1
39265 82019 1
39272 62870 -2
39272 48572 -1
39390 60655 -1
39390 42523 2
39390 59527 1
39390 89508 1
39390 91308 1
39390 93633 1
39390 26612 1
39390 14081 1
39390 25061 2
39390 36419 1
39390 29538 1
39458 11630 -2
39458 27727 1
39458 59808 1
39458 75577 1
39458 85068 -1
39458 35379 1
39458 58463 -1
39458 94691 -2
39458 62600 -1
39458 85679 -2
39458 60127 -1
39458 13427 1
39458 88567 -2
39458 6155 -1
39458 38813 -1
39458 79486 -1
39458 99087 -1
39458 64177 1
39596 8279 1
39596 62870 -1
39596 62600 1
39596 65667 3
39596 47697 1
39596 94760 1
39894 22254 -1
39894 43531 -2
39894 51147 1
39894 51921 1
39894 60655 1
39894 62870 -3
39894 72371 1
40491 38075 -1
40491 62870 -2
40491 73794 -1
40491 59527 -1
40491 50929 -1
40491 61070 -1
40491 28569 -1
41174 89511 -1
41174 98230 1
41174 85679 1
41376 31061 1
41376 38075 1
41376 81805 1
41376 78285 -1
41376 62905 1
41493 11331 1
41493 43531 1
41493 52682 1
41493 35379 1
41493 41658 -1
41493 84159 -1
41604 89511 1
41604 62600 -1
41973 4642 -1
41973 43531 -2
41973 51147 1
41973 60655 1
41973 62870 -1
41973 25560 1
41973 65914 -1
41973 60930 -1
41973 26612 -1
41973 14081 -1
42335 5212 1
42335 89508 1
42335 94691 1
42335 62600 1
42335 2040 1
42335 2939 1
42335 84967 -1
42335 48286 1
42335 16786 1
42335 25263 1
42390 3777 1
42390 4642 -1
42390 11331 -1
42390 34905 1
42390 36614 -3
42390 37114 1
42390 37307 1
42390 38075 -2
42390 43531 -3
42390 51921 3
42390 62870 -9
42390 73794 -2
42390 87191 -1
42390 20284 -1
42390 25551 1
42390 27057 -2
42390 38879 -1
42390 51117 -1
42390 65914 -3
42390 26612 -1
42390 48572 -4
42390 14081 -2
42390 50929 -1
42390 23042 1
42390 65667 4
42390 73269 2
42390 5560 -1
42390 15475 -1
42390 21974 -2
42390 53311 -1
42390 71584 -1
42390 47697 1
42390 982 1
42390 74554 1
42665 22300 -1
42665 60604 -1
42665 13412 1
42665 50354 1
42665 75650 1
42862 60604 -1
43024 73794 -2
43294 38075 1
43294 43531 1
43294 62870 3
43294 70358 1
43294 75583 -1
43294 50929 1
43294 61070 1
43294 18764 1
43299 5212 2
43299 11331 1
43299 21112 1
43299 22254 1
43299 35246 1
43299 36614 2
43299 38075 9
43299 39265 1
43299 43531 2
43299 45957 2
43299 52665 1
43299 52682 1
43299 57491 -1
43299 60655 -3
43299 62870 3
43299 69869 1
43299 71929 1
43299 75583 -5
43299 79421 -1
43299 82849 2
43299 86596 -1
43299 20284 1
43299 43440 1
43299 51117 1
43299 65914 3
43299 70507 1
43299 72355 1
43299 81805 2
43299 26612 2
43299 2179 1
43299 65667 -1
43299 18764 1
43299 62905 1
43299 12426 1
43299 10439 1
43299 91636 1
43531 3777 -8
43531 4642 5
43531 5212 1
43531 5406 3
43531 8010 1
43531 10008 1
43531 11331 7
43531 14529 -1
43531 23396 -1
43531 31061 2
43531 36614 2
43531 38075 2
43531 39265 5
43531 41493 1
43531 41973 -2
43531 43294 1
43531 45957 1
43531 51921 -1
43531 52682 1
43531 59808 -2
43531 62870 8
43531 64506 -1
43531 69869 1
43531 70358 1
43531 71929 2
43531 75583 -3
43531 82849 3
43531 90052 -2
43531 98891 1
43531 15583 1
43531 16367 1
43531 22900 1
43531 27029 1
43531 43440 3
43531 59527 1
43531 65914 3
43531 68001 1
43531 60930 2
43531 26612 3
43531 3256 2
43531 14081 1
43531 50929 2
43531 67452 -2
43531 6091 1
43531 53210 -1
43531 65667 -6
43531 61070 1
43531 55426 1
43531 32857 -1
43531 47142 -2
43531 52680 -1
43531 21974 1
43531 84159 -1
43531 86558 -1
43531 91307 -1
43531 62905 1
43531 93539 1
43531 20070 2
43531 87646 1
43531 37611 1
43531 12426 2
43531 35223 1
43531 43168 1
43531 11804 2
43531 16370 1
43531 27429 1
43531 52438 1
43531 54436 1
43531 91701 1
43610 43531 -1
43610 72927 1
43610 59527 1
43610 60604 1
43610 72212 1
43610 71480 1
43610 85305 1
43610 35389 -1
43610 16786 1
43610 35832 1
43610 44062 1
43610 43898 1
43645 98891 -1
43645 21018 -1
43645 2459 1
44987 98891 -1
45105 11331 1
45105 36614 1
45105 43531 1
45105 60655 -1
45669 5212 1
45669 38075 1
45669 62870 1
45669 29745 1
45669 65667 -1
45957 36614 1
45957 38075 2
45957 39265 1
45957 43531 1
45957 60655 -1
45957 62870 3
45957 75583 -1
45957 82849 2
45957 65914 1
45957 26612 1
45957 92015 1
45957 65667 -1
45957 84159 -1
47376 95532 1
47376 20162 -1
47376 86316 1
49481 59808 -2
49481 62870 1
49481 68358 -2
49481 49899 -1
49768 4642 -1
49768 38075 -1
49768 43531 -1
49768 51921 1
49768 65914 -1
49768 60930 -1
49857 96292 1
49857 87222 -1
50875 21096 1
50875 51921 -1
50875 72927 1
50875 12804 1
50875 78572 1
50875 93633 5
50875 97805 1
50875 98323 1
50875 78285 3
50875 26612 1
50875 62600 1
50875 28139 1
50875 97188 1
50875 84090 2
50875 48286 2
50875 71508 2
50875 34882 1
50875 70330 1
51044 21096 -2
51044 37843 -1
51044 93633 -2
51044 94691 -3
51044 98323 -1
51044 28139 -2
51044 23585 -1
51044 97188 -1
51147 43531 -1
51147 51921 1
51168 4642 -1
51168 8279 2
51168 14529 1
51168 51921 1
51168 59808 1
51168 62870 -1
51168 65667 1
51168 49899 1
51400 8279 1
51400 14529 1
51400 37307 1
51400 41973 1
51400 51921 2
51400 75583 1
51400 91408 -4
51400 98230 3
51400 25560 2
51400 39292 1
51400 59527 1
51400 60930 -1
51400 60604 1
51400 62600 1
51400 65667 5
51400 61070 1
51400 982 1
51400 58243 1
51402 5212 -1
51402 8279 3
51402 11630 -1
51402 21112 -1
51402 36614 -2
51402 37307 1
51402 38075 -2
51402 43531 -2
51402 45957 -1
51402 49768 1
51402 51147 2
51402 51921 1
51402 61182 1
51402 62870 -8
51402 62891 -1
51402 69869 -1
51402 72927 1
51402 75583 1
51402 79421 1
51402 82849 -2
51402 95679 -2
51402 98230 1
51402 25560 1
51402 27057 -1
51402 40827 1
51402 59527 -1
51402 65914 -4
51402 94485 -1
51402 60930 -2
51402 26612 -2
51402 14081 -1
51402 50929 -3
51402 94377 -1
51402 2179 -1
51402 65667 1
51402 61070 -1
51402 73269 1
51402 63469 1
51402 47142 1
51402 5560 -1
51402 91070 -1
51402 47697 3
51402 982 1
51402 84071 1
51502 4642 -1
51502 8010 -1
51502 31061 -1
51502 36614 -1
51502 43531 -1
51502 45957 -1
51502 51921 1
51502 27057 -1
51502 65914 -2
51502 68001 -1
51502 50929 -1
51502 94377 -1
51921 264 1
51921 43531 -4
51921 51147 1
51921 62870 -8
51921 73099 1
51921 95679 1
51921 98230 1
51921 98254 -1
51921 98891 -1
51921 2451 -1
51921 7881 -1
51921 25560 1
51921 40457 -1
51921 43202 -1
51921 65914 -1
51921 78572 -1
51921 89508 1
51921 90212 1
51921 91308 -1
51921 93633 -4
51921 96292 -1
51921 78285 -6
51921 60930 -1
51921 26612 -2
51921 14081 -1
51921 65667 2
51921 28139 -2
51921 84090 -5
51921 47697 2
51921 63380 1
51921 54715 1
51921 77700 1
52235 36614 -1
52557 4642 -2
52557 51147 1
52557 51921 2
52557 72621 1
52557 54278 3
52557 61070 2
52557 87222 -1
52557 1968 -1
52557 82942 1
52665 264 1
52665 4642 1
52665 5212 1
52665 11331 2
52665 31061 1
52665 36614 2
52665 38075 2
52665 43531 2
52665 45957 1
52665 60655 -1
52665 62870 1
52665 71929 2
52665 75583 -1
52665 82849 1
52665 9501 1
52665 73623 -2
52665 91308 2
52665 93633 -4
52665 26612 3
52665 62600 -4
52665 8343 1
52665 24416 1
52665 50929 1
52665 94377 1
52665 2179 1
52665 69959 -2
52665 5560 1
52665 15540 -1
52665 48286 -1
52665 18067 1
52665 20070 2
52665 16370 2
52682 3777 -2
52682 4642 2
52682 5212 1
52682 8279 -1
52682 18004 1
52682 22254 2
52682 36614 2
52682 38075 6
52682 39265 2
52682 41493 3
52682 41973 -1
52682 43531 6
52682 57491 -1
52682 60655 -1
52682 62870 10
52682 62891 1
52682 69869 1
52682 71929 1
52682 75583 -1
52682 82849 3
52682 89511 1
52682 94567 2
52682 95679 2
52682 98992 -1
52682 19391 1
52682 27029 1
52682 35379 1
52682 42523 1
52682 43440 1
52682 59527 1
52682 65914 4
52682 81805 5
52682 26612 2
52682 3256 1
52682 8343 1
52682 14081 4
52682 50929 1
52682 92015 1
52682 67452 -1
52682 2179 1
52682 65667 -2
52682 61070 2
52682 63756 -1
52682 55426 1
52682 47142 -1
52682 52680 -1
52682 21974 1
52682 41590 -1
52682 71584 1
52682 62905 1
52682 40023 1
52682 61423 1
52682 36232 1
52682 26344 1
52682 35223 2
52682 31508 2
52682 81662 1
52682 91636 1
52682 52438 1
52682 58778 1
53228 4642 -1
53228 65667 1
53260 264 1
53260 1303 -1
53260 4642 2
53260 5212 1
53260 8010 1
53260 22254 1
53260 38075 1
53260 39265 1
53260 43531 2
53260 45957 1
53260 51921 3
53260 62870 4
53260 62891 1
53260 65855 1
53260 68358 -1
53260 69869 1
53260 70358 1
53260 72927 -1
53260 82849 2
53260 95679 1
53260 98891 1
53260 43440 1
53260 65914 2
53260 81805 1
53260 89508 1
53260 91629 -3
53260 29745 1
53260 50929 1
53260 92015 1
53260 85679 -2
53260 55426 1
53260 49899 -1
53260 47142 -1
53260 36419 1
53260 28137 -1
53260 19473 -1
53260 62905 1
53260 40023 1
53260 35223 1
53260 10439 1
53260 91636 2
53623 11331 -1
53623 43531 -1
53623 65914 -1
53900 51921 1
53900 61070 1
53900 47142 1
53900 8687 -1
54091 4642 -1
54091 11331 -1
54091 51921 1
54091 62870 -2
54091 67452 1
54091 65667 3
54091 38885 1
54367 43053 -1
54367 28139 -1
54367 28931 1
54842 51921 -1
54842 12804 2
54842 93633 1
54842 97805 2
54842 91629 1
54842 28139 1
54842 71508 1
54842 31508 1
54842 728 1
54842 29933 1
56068 8279 1
56068 36614 -2
56068 37307 1
56068 38075 -1
56068 43531 -1
56068 45957 -1
56068 51921 1
56068 60655 1
56068 62870 -2
56068 82849 -1
56068 60930 -1
56068 26612 -2
56068 2179 -1
56068 65667 1
56068 5560 -2
56153 43531 -1
56153 62870 -3
56153 67907 1
56153 90052 1
56153 98891 -1
56153 60930 -1
56153 14081 -4
56153 50929 -1
56153 85679 1
56153 65667 1
56404 4642 -1
56404 8279 1
56404 36614 -1
56404 38075 -3
56404 57491 1
56404 59808 2
56404 25560 1
56404 81805 -3
56404 26612 -1
56404 91629 1
56404 14081 -1
56404 57854 -2
57113 3735 1
57113 4642 2
57113 5212 1
57113 11331 3
57113 38075 2
57113 60655 -2
57113 75583 -1
57113 82849 1
57113 95532 -1
57113 37225 1
57113 65914 1
57113 81805 1
57113 8343 1
57113 94377 1
57113 2078 1
57113 65667 -2
57113 49899 -1
57113 13847 1
57113 32007 1
57216 8279 2
57216 62870 -3
57216 68535 -1
57216 25560 1
57216 60930 -2
57216 65667 1
57491 3777 1
57491 4642 -4
57491 6099 1
57491 8279 2
57491 23396 1
57491 24418 1
57491 36614 -1
57491 37307 1
57491 38075 -2
57491 43531 -4
57491 51147 1
57491 51921 2
57491 62870 -11
57491 71929 -1
57491 73099 1
57491 75583 3
57491 79421 1
57491 85068 1
57491 98230 2
57491 98891 -2
57491 25560 3
57491 43440 -1
57491 54278 1
57491 65914 -1
57491 81805 -2
57491 94485 -2
57491 26612 -1
57491 60604 1
57491 62600 2
57491 91629 1
57491 14081 -2
57491 29745 -1
57491 72970 1
57491 2179 -1
57491 65667 5
57491 32857 1
57491 52680 1
57491 21974 -1
57491 41590 1
57491 1833 1
57491 18720 -1
57491 29836 -1
57491 23844 2
57491 35832 1
57491 47697 1
57491 982 1
57491 15387 1
57491 2459 1
57491 25701 1
57491 26899 1
57491 75672 1
59159 62870 -1
59808 43531 -1
59808 68358 1
59808 85679 1
59907 11630 -1
59907 94691 -1
59907 61314 1
59907 60604 -1
59907 4126 -1
59907 65042 -1
59907 71508 -1
60655 4642 -2
60655 5212 -1
60655 5406 -1
60655 7691 1
60655 8279 1
60655 11331 -1
60655 21112 -1
60655 36614 -3
60655 38075 -3
60655 43531 -1
60655 51921 3
60655 56068 1
60655 62870 -7
60655 71929 -1
60655 79421 1
60655 82849 -2
60655 87191 -3
60655 98230 1
60655 25560 2
60655 38879 -1
60655 59527 -1
60655 65914 -2
60655 73623 -2
60655 81805 -1
60655 26612 -1
60655 8343 -1
60655 14081 -1
60655 50929 -2
60655 92015 -1
60655 2094 -1
60655 61070 -2
60655 49901 -1
60655 55426 -1
60655 7482 -1
60655 26276 1
60655 47142 1
60655 1809 -1
60655 7092 -1
60655 24191 -2
60655 43481 -1
60655 65968 -1
60655 66845 -1
60655 97654 -1
60655 35223 1
60727 4642 -2
60727 6099 1
60727 7691 1
60727 37307 1
60727 38075 -2
60727 43531 -1
60727 51147 1
60727 62870 -4
60727 75583 1
60727 26612 -1
60727 65667 1
60727 26276 1
60727 52680 1
60727 982 1
60752 11331 -1
60752 31061 -1
60752 43531 -3
60752 51921 1
60752 60655 1
60752 62870 -4
60752 75583 2
60752 91308 -2
60752 65667 2
60752 84802 -1
60779 62870 1
60779 75583 -1
61154 3777 -4
61154 43531 2
61154 62870 1
61154 75583 -1
61154 82849 2
61154 95679 1
61154 54278 -1
61154 14248 1
61182 4642 -1
61182 38075 -1
61182 43531 -1
61182 87191 -1
61182 95532 1
61182 20162 -1
61182 65914 -1
61182 65667 1
61182 82942 1
62704 5406 1
62704 11630 1
62704 76123 1
62704 89511 -1
62704 7881 1
62704 33109 -3
62704 58449 1
62704 59527 1
62704 89508 2
62704 90212 1
62704 94384 1
62704 94691 3
62704 62600 1
62704 2040 1
62704 60127 1
62704 65667 2
62704 49901 1
62704 85305 2
62704 35389 1
62704 48286 1
62704 55200 -1
62704 54465 2
62704 14615 1
62704 20345 2
62704 29538 1
62704 35832 1
62704 47697 2
62704 75863 1
62704 88632 1
62704 20174 2
62704 18460 1
62704 23239 1
62704 38585 2
62704 46352 1
62870 3777 -13
62870 4642 1
62870 5212 3
62870 6482 -1
62870 8010 6
62870 8279 -3
62870 10008 1
62870 11331 1
62870 11630 -3
62870 20314 3
62870 22254 3
62870 24157 -1
62870 25347 1
62870 26848 -1
62870 31061 1
62870 32002 1
62870 35246 1
62870 36614 3
62870 38075 9
62870 39265 8
62870 43294 1
62870 43299 1
62870 43531 21
62870 45957 3
62870 51921 -1
62870 52682 5
62870 57491 -1
62870 59159 -2
62870 59808 -1
62870 60655 -9
62870 61154 1
62870 67907 -4
62870 69667 1
62870 69869 10
62870 70194 -1
62870 70358 2
62870 71929 3
62870 72927 -1
62870 73794 4
62870 75272 -3
62870 75577 1
62870 75583 -13
62870 79421 -1
62870 82849 10
62870 86596 -2
62870 91574 -1
62870 94178 1
62870 94567 2
62870 94839 1
62870 95679 2
62870 98891 4
62870 9501 3
62870 13198 1
62870 19391 1
62870 27029 1
62870 35379 3
62870 43440 4
62870 51117 2
62870 59527 1
62870 65914 5
62870 81805 1
62870 91362 2
62870 94485 2
62870 60930 -1
62870 26612 4
62870 48572 2
62870 62600 -1
62870 8343 1
62870 14081 11
62870 26634 1
62870 29745 1
62870 50929 6
62870 64428 1
62870 94377 1
62870 67452 -2
62870 70344 -5
62870 12214 -1
62870 6091 1
62870 39196 1
62870 2179 1
62870 65667 -5
62870 61070 7
62870 28139 -1
62870 88567 -2
62870 71480 1
62870 63469 -1
62870 55426 1
62870 2939 1
62870 23722 -1
62870 91070 1
62870 41590 -2
62870 28137 -1
62870 18720 1
62870 24191 -1
62870 20118 -1
62870 38671 -1
62870 59551 -4
62870 81273 -1
62870 93504 -1
62870 18764 1
62870 4060 1
62870 47382 1
62870 80883 1
62870 11101 1
62870 36232 1
62870 20070 1
62870 87646 1
62870 12426 1
62870 35223 2
62870 73507 1
62870 52438 1
62870 6963 1
62870 16151 1
62870 17792 1
62870 34021 1
62870 59540 1
62891 38075 1
62891 59808 -1
62891 68358 -1
62891 35379 1
62891 43440 1
62891 48363 1
62891 14081 1
62891 61070 1
62891 59534 1
63503 25560 1
63503 50929 -1
63579 93633 -2
64506 4642 -2
64506 7113 1
64506 8279 1
64506 10008 -1
64506 11331 -1
64506 23396 1
64506 43531 -4
64506 62870 -1
64506 82849 -1
64506 98230 2
64506 25560 1
64506 65914 -1
64506 60930 -3
64506 26612 -1
64506 72970 1
64506 85679 1
64506 65667 3
64506 81005 -2
64506 47697 1
64506 12009 1
64540 3777 -1
64540 8010 1
64540 11331 1
64540 20314 1
64540 21112 1
64540 36614 1
64540 38075 2
64540 39265 1
64540 43531 6
64540 45957 1
64540 52682 1
64540 60655 -1
64540 62870 2
64540 71929 1
64540 75583 -3
64540 82849 1
64540 86596 -1
64540 98891 1
64540 98992 -1
64540 16367 1
64540 27029 1
64540 42523 1
64540 43440 1
64540 59527 1
64540 65914 1
64540 91308 2
64540 26612 3
64540 14081 1
64540 24416 1
64540 50929 1
64540 94377 1
64540 2179 1
64540 20070 1
64540 43168 1
64540 11804 1
64970 3777 2
64970 5212 -2
64970 8279 4
64970 8911 1
64970 20314 -1
64970 21112 -1
64970 22254 -1
64970 36614 -2
64970 37307 1
64970 38075 -3
64970 40491 1
64970 41973 2
64970 43531 -5
64970 49481 -1
64970 51147 2
64970 59808 2
64970 62870 -11
64970 64506 1
64970 68358 1
64970 72927 4
64970 73099 3
64970 75583 1
64970 79421 1
64970 82849 -1
64970 90052 1
64970 95679 -1
64970 98230 4
64970 98891 -5
64970 2451 1
64970 6359 1
64970 25201 -1
64970 28566 1
64970 30204 -1
64970 40457 1
64970 43440 -1
64970 65914 -2
64970 78572 1
64970 88339 -1
64970 89508 1
64970 93633 6
64970 94161 1
64970 96292 -5
64970 78285 5
64970 48572 -1
64970 91629 3
64970 14081 -2
64970 29745 -1
64970 50929 -2
64970 92015 -1
64970 67452 1
64970 72970 1
64970 85679 1
64970 65667 4
64970 61070 -5
64970 28139 1
64970 73269 1
64970 47142 1
64970 52680 1
64970 84159 2
64970 84090 1
64970 24191 -2
64970 81005 -1
64970 18764 -1
64970 62905 -1
64970 97977 -1
64970 47697 1
64970 82423 1
64970 78933 1
64970 41644 1
65643 3777 1
65643 51147 1
65643 62870 -1
65643 65667 1
65855 9412 -1
65855 21358 1
65855 24418 1
65855 51921 6
65855 66750 1
65855 72927 -4
65855 75960 1
65855 98230 4
65855 2451 -1
65855 28566 1
65855 40457 -1
65855 89508 2
65855 90212 1
65855 93519 1
65855 93633 -4
65855 94384 1
65855 94691 1
65855 2094 1
65855 2040 1
65855 65667 1
65855 85305 2
65855 51229 1
65855 24191 6
65855 20345 1
65855 28931 1
65855 32624 1
65855 70388 2
65993 5406 1
65993 71929 1
65993 35379 2
65993 49899 -1
65993 21018 1
65993 50435 -1
65993 37416 1
65993 42318 1
65993 93921 1
66142 95532 -1
66750 5212 1
66750 5406 1
66750 53900 1
66750 95532 1
66750 8909 1
66750 43202 1
66750 52018 1
66750 87246 1
66750 89508 1
66750 93633 -1
66750 94384 1
66750 94691 1
66750 60604 1
66750 62600 1
66750 85679 1
66750 65667 2
66750 99087 1
66750 54465 1
66750 8092 1
66750 29538 2
66750 33042 1
66750 35832 2
66750 47697 1
66750 60246 1
66750 93922 1
66750 82621 1
66798 26612 -1
66798 2094 -1
66798 65667 1
66798 42204 -1
66798 29836 -1
66798 49547 -1
67907 62870 -4
67907 65914 -1
67907 60604 1
68048 8343 -1
68358 11627 1
68358 19925 -1
68358 21112 -1
68358 33977 -1
68358 43531 -1
68358 49481 -1
68358 59808 3
68358 60655 1
68358 62870 -2
68358 95936 -1
68358 73623 -1
68358 85679 2
68358 54706 -1
68358 91070 -1
68358 4060 -1
68358 77249 1
68358 31430 1
68358 48803 1
68358 52170 1
68535 11331 1
68535 11630 -1
68535 36614 1
68535 43531 1
68535 75583 -1
68535 65914 1
68726 5560 -1
69402 38075 -1
69402 65667 1
69402 25701 1
69476 51921 -1
69476 40457 1
69476 43202 1
69476 97805 1
69667 5212 1
69667 11630 -1
69667 37114 1
69667 38075 2
69667 62870 2
69667 20162 -1
69667 33109 1
69667 35379 1
69667 65914 1
69667 60604 -1
69667 61070 1
69667 10267 1
69869 39265 1
69869 43531 2
69869 62870 9
69869 70358 1
69869 75583 -1
69869 82849 3
69869 65914 3
69869 50929 1
69869 64428 1
69869 61070 1
69869 55426 1
69869 21974 1
69869 79823 1
69924 62870 -1
69924 60604 -1
69924 1251 -1
69924 14081 -1
69924 17533 -1
70067 62870 -1
70067 98891 -2
70067 43440 -1
70067 60930 -1
70067 14081 -1
70067 84663 1
70194 14529 1
70194 62870 -2
70194 75583 1
70194 65667 1
70358 8010 1
70358 31061 1
70358 38075 3
70358 43531 1
70358 62870 3
70358 69869 1
70358 71929 1
70358 75583 -1
70358 35379 2
70358 65914 3
70358 81805 1
70358 60930 1
70358 26612 1
70358 50929 1
70358 92015 1
70358 61070 1
70358 12426 1
70358 82019 1
71929 5212 1
71929 5406 1
71929 10008 1
71929 11331 1
71929 38075 1
71929 39265 1
71929 41973 -2
71929 60655 -2
71929 62870 3
71929 67907 -1
71929 75583 -3
71929 82849 1
71929 85464 -2
71929 86596 -1
71929 90052 -1
71929 96351 1
71929 98891 7
71929 35379 2
71929 43440 1
71929 59527 1
71929 65914 2
71929 88339 1
71929 89508 1
71929 91308 2
71929 95997 1
71929 96292 1
71929 26612 1
71929 14081 1
71929 50929 3
71929 2179 1
71929 89028 -1
71929 61070 7
71929 33611 -1
71929 52736 1
71929 84159 -1
71929 71508 1
71929 71832 -3
71929 98290 -2
71929 18067 1
71929 37611 1
71929 91636 1
71929 75857 1
72621 53265 -1
72708 73794 -1
72708 61070 1
72787 25199 1
72787 62870 -1
72787 96292 1
72787 1968 -1
72927 11630 1
72927 23396 1
72927 32002 1
72927 75960 -1
72927 89508 3
72927 69796 1
72927 71508 1
72983 95532 -1
73037 22254 1
73037 25347 1
73037 31061 1
73037 38075 3
73037 41493 1
73037 41973 -2
73037 43531 4
73037 52682 2
73037 75583 -1
73037 43440 2
73037 65914 1
73037 81805 2
73037 26612 2
73037 14081 2
73037 92015 2
73037 2179 1
73037 69468 -1
73037 61070 1
73037 45803 -1
73037 20070 3
73099 20606 -3
73099 32002 -3
73099 43531 -4
73099 62870 -3
73099 85464 1
73099 87191 -1
73099 95532 1
73099 98891 -2
73099 20162 -2
73099 59527 -3
73099 81805 -1
73099 96292 -1
73099 26612 -1
73099 3256 -1
73099 14081 -1
73099 50929 -3
73099 67452 1
73099 72970 1
73099 65667 1
73099 7482 -2
73099 78244 -1
73360 62870 -1
73360 76123 1
73360 89508 1
73360 91629 1
73360 61070 -1
73728 91308 -1
73794 85464 -1
73794 98230 -1
75082 3777 -1
75082 4642 1
75082 5212 1
75082 22254 1
75082 31061 1
75082 36614 1
75082 38075 3
75082 39265 1
75082 43531 5
75082 60655 -2
75082 62870 5
75082 71929 1
75082 75583 -1
75082 82849 1
75082 65914 2
75082 81805 1
75082 60930 2
75082 26612 2
75082 14081 1
75082 29745 1
75082 64428 1
75082 66501 1
75082 6091 1
75082 2179 1
75082 80306 -1
75082 17792 1
75082 84052 1
75272 62870 -2
75272 33109 -1
75272 63469 1
75272 65588 1
75416 51921 -1
75416 62600 1
75470 43531 1
75470 75583 -1
75470 82849 1
75470 45551 1
75470 26612 1
75470 24416 1
75470 50929 1
75470 2179 1
75470 23844 -1
75577 94691 -1
75577 61070 1
75577 49489 -1
75577 53592 -1
75583 5212 -1
75583 5406 -1
75583 6099 1
75583 6716 -1
75583 8279 1
75583 11331 -1
75583 14529 1
75583 22254 -2
75583 31061 -1
75583 35246 -1
75583 36614 -3
75583 37307 2
75583 38075 -11
75583 41973 1
75583 43531 -2
75583 45957 -1
75583 51147 1
75583 57491 1
75583 60655 3
75583 62870 -10
75583 69869 -1
75583 70194 1
75583 70358 -1
75583 71929 -1
75583 79421 1
75583 80466 -1
75583 82849 -1
75583 86596 1
75583 90052 1
75583 91408 -2
75583 95165 2
75583 95679 -1
75583 95845 2
75583 98230 1
75583 98891 -1
75583 5400 -1
75583 9191 -2
75583 11731 -1
75583 25560 2
75583 42523 -2
75583 45551 -1
75583 65914 -4
75583 81805 -2
75583 91308 -2
75583 94485 -1
75583 26612 -3
75583 29745 -1
75583 50929 -1
75583 72970 1
75583 85679 1
75583 39196 -1
75583 2179 -1
75583 54706 -1
75583 52660 1
75583 65667 3
75583 77775 -1
75583 2406 1
75583 23722 1
75583 52680 2
75583 5560 -1
75583 18764 -1
75583 4060 -1
75583 23844 2
75583 18067 -1
75583 40023 -2
75583 47382 -1
75583 80883 -1
75583 982 1
75583 24848 1
75583 52170 1
75583 79551 1
75826 4642 -1
75826 94691 1
75860 69894 -1
75860 91763 -1
75960 51921 1
75960 72927 -1
75960 60604 -1
76123 9412 1
76123 94691 2
76123 62600 1
76123 85679 1
76123 65667 1
76123 47611 -1
76558 36614 -1
76558 51921 1
76558 95532 1
76558 20162 -1
77171 5212 1
77171 37114 1
77171 82849 1
77171 85464 -1
77171 98230 1
77171 59527 2
77171 73623 1
77171 89508 2
77171 62600 2
77171 72212 1
77171 67452 1
77171 65667 4
77171 29538 1
77171 33042 1
77171 35832 1
77171 67162 1
77955 39739 -1
77981 8279 2
77981 36614 -3
77981 38075 -1
77981 41973 1
77981 43531 -1
77981 45957 -1
77981 51921 2
77981 59808 1
77981 62870 -2
77981 79421 2
77981 98230 1
77981 98891 -1
77981 25560 1
77981 59527 -1
77981 94161 1
77981 3256 -1
77981 50929 -3
77981 89028 1
77981 65667 1
77981 69959 1
77995 38075 -1
77995 51147 1
77995 51921 1
77995 75583 1
77995 94567 1
77995 91308 1
77995 65667 1
78151 4642 -2
78151 37307 1
78151 43531 -1
78151 62870 -1
78151 72787 1
78151 85679 1
78151 65667 1
78151 49899 1
78741 4642 -1
78741 61423 -1
79237 11101 -1
79237 78781 -1
79350 11630 -1
79350 90212 -1
79421 4642 -2
79421 94839 -1
79421 26612 -1
79421 85679 1
80466 36614 2
80466 38075 1
80466 60655 -1
80466 62870 2
80466 75583 -1
80466 65914 1
80466 26612 1
82083 8279 -1
82083 38075 1
82083 41973 -1
82083 51921 -1
82083 59527 1
82083 65914 1
82083 26612 1
82083 14081 2
82083 63756 -1
82083 2406 -1
82083 35223 1
82083 45193 1
82849 8010 2
82849 62870 4
82849 78285 -6
82849 26612 1
82849 14081 1
82849 26634 1
82849 65667 -1
82849 10439 2
82864 3777 1
82864 4642 -1
82864 8279 1
82864 36614 -1
82864 38075 -1
82864 40491 1
82864 43531 -2
82864 51921 2
82864 60655 1
82864 62870 -1
82864 72927 1
82864 73099 1
82864 75583 1
82864 98230 2
82864 20162 -1
82864 25560 3
82864 35379 2
82864 43440 -1
82864 65914 -1
82864 81805 -2
82864 89508 1
82864 78285 1
82864 26612 -2
82864 60604 1
82864 8343 -1
82864 14081 -2
82864 50929 -1
82864 85679 2
82864 2094 -1
82864 54706 -1
82864 53210 1
82864 65667 2
82864 73269 1
82864 52736 1
82864 52680 1
82864 84159 1
82864 47611 -1
82864 35832 1
82864 47697 1
82864 982 1
82864 63380 1
82864 38885 1
83568 43531 -1
83747 44987 1
83747 51147 1
83747 76123 1
83747 3256 -1
83747 12009 1
84263 45957 1
84263 62870 2
84263 71929 2
84263 75583 -2
84263 82849 1
84263 91308 1
85068 43531 -1
85464 5212 -1
85464 73794 -1
85464 87191 -1
85464 98230 1
85464 50929 -1
85464 65667 2
85464 78781 -1
85464 54579 -1
86011 5212 1
86011 60655 -2
86011 68358 -2
86011 38056 1
86011 91070 1
86011 77249 -2
86011 85469 -1
86508 51147 1
86508 62870 -1
86596 4642 -1
86596 7113 1
86596 11331 -4
86596 22254 -2
86596 31061 -1
86596 35246 -1
86596 36614 -2
86596 37307 1
86596 38075 -6
86596 43531 -4
86596 45957 -2
86596 49768 1
86596 51147 1
86596 51921 1
86596 52682 -1
86596 56068 1
86596 60655 2
86596 62870 -7
86596 71929 -3
86596 73099 2
86596 75583 3
86596 82849 -2
86596 87191 -1
86596 94567 -1
86596 95165 1
86596 98891 -3
86596 98992 1
86596 19391 -3
86596 25560 2
86596 42523 -1
86596 65914 -3
86596 88339 -1
86596 91308 -2
86596 93633 1
86596 96292 -1
86596 26612 -5
86596 8343 -1
86596 14081 -2
86596 29745 -1
86596 50929 -3
86596 72970 1
86596 65667 3
86596 87222 -1
86596 63469 1
86596 5560 -2
86596 21974 -1
86596 18067 -1
86596 1291 -1
86596 36232 -2
86596 95236 -1
86596 97460 -1
86596 99612 -1
86596 25701 1
87191 4642 2
87191 5406 1
87191 20606 1
87191 36614 1
87191 38075 2
87191 60655 -1
87191 62891 1
87191 73794 1
87191 95532 -1
87191 35379 1
87191 59527 1
87191 65914 1
87191 89508 2
87191 26612 2
87191 60604 1
87191 24416 1
87191 92015 1
87191 94377 1
87191 54706 1
87191 65667 -1
87191 61070 1
87191 55426 1
87191 33042 1
87191 12426 1
87191 31508 1
87191 32459 1
87659 20314 -1
88081 8279 1
88081 62870 -1
88081 82849 -1
88081 65667 2
89092 81805 -1
89511 11630 -1
89511 62600 -1
89614 22254 -1
89614 43531 -1
89614 62870 -7
89614 93633 1
89614 62600 1
89614 14081 -2
89614 52660 1
89614 89028 1
89614 65667 1
89614 48286 1
89614 12009 1
89614 84071 1
90052 11331 -1
90052 65667 2
90379 11630 -1
90379 76123 -2
90379 91308 -1
90379 60604 -2
90379 99087 -1
90818 3777 -1
90818 43531 1
90863 4642 -1
90863 14529 1
90863 43531 -1
90863 14081 -1
90863 65667 1
90863 47142 1
91408 41973 -1
91408 65914 1
91433 9412 -1
91433 37114 1
91433 89511 1
91574 8279 1
91574 11331 -1
91574 11630 1
91574 22254 -1
91574 23396 1
91574 36614 -2
91574 43531 -1
91574 45957 -1
91574 51921 2
91574 59808 2
91574 60655 1
91574 62870 -4
91574 71929 -1
91574 73099 2
91574 75583 2
91574 79421 1
91574 87191 -1
91574 19391 -1
91574 30204 -1
91574 42523 -4
91574 59527 -1
91574 65914 -2
91574 81805 -1
91574 91308 -1
91574 96292 -1
91574 60930 -3
91574 26612 -5
91574 14081 -5
91574 24416 -2
91574 50929 -1
91574 92015 -1
91574 67452 1
91574 12214 1
91574 54706 -1
91574 65667 2
91574 47142 1
91574 18067 -1
91574 47697 1
91841 91362 1
91841 78285 -1
91841 28139 -1
92436 72927 1
92436 92015 1
92436 24191 -1
94178 39265 1
94178 43531 1
94178 60655 -1
94178 62870 3
94178 82849 1
94178 9501 1
94178 50929 1
94287 9412 -1
94287 37114 1
94287 51147 1
94287 75272 -1
94287 8343 1
94567 4054 1
94567 5212 1
94567 5406 1
94567 8010 2
94567 10008 2
94567 11630 -1
94567 20314 1
94567 21112 1
94567 22254 1
94567 23396 -1
94567 35246 1
94567 36614 2
94567 38075 4
94567 39265 2
94567 41493 1
94567 41973 -2
94567 43531 12
94567 45957 1
94567 51921 -1
94567 52682 4
94567 60655 -4
94567 62870 34
94567 69869 4
94567 71929 6
94567 72927 -1
94567 73794 2
94567 75583 -4
94567 82849 3
94567 86596 -1
94567 98891 4
94567 15583 1
94567 16367 1
94567 35379 4
94567 42523 3
94567 43440 2
94567 65914 3
94567 77332 1
94567 81805 1
94567 91308 2
94567 96292 1
94567 60930 3
94567 26612 9
94567 8343 2
94567 14081 9
94567 24416 4
94567 26634 1
94567 29745 1
94567 50929 3
94567 64428 1
94567 92015 1
94567 67452 -1
94567 72970 -1
94567 2179 2
94567 54706 1
94567 65667 -1
94567 61070 4
94567 55426 1
94567 28137 -1
94567 1968 1
94567 62905 1
94567 36232 1
94567 12426 2
94567 35223 3
94567 10439 1
94567 37665 1
94567 99676 1
94577 3777 -1
94577 23558 -1
94839 11630 -1
94839 62870 1
95165 11331 -2
95165 43531 -1
95165 45957 -4
95165 75583 1
95165 90052 1
95165 91408 -1
95165 98230 1
95165 30204 -1
95165 81805 -1
95165 78285 2
95165 26612 -1
95165 14081 -2
95165 24416 -1
95165 72970 1
95165 65667 2
95165 76104 -1
95215 43531 -1
95215 65667 1
95411 3777 1
95411 38075 -1
95411 62870 -3
95513 5212 1
95513 38075 2
95513 39265 1
95513 43531 1
95513 45957 1
95513 51921 1
95513 62870 3
95513 62891 1
95513 69869 1
95513 98230 1
95513 25551 -1
95513 35379 3
95513 59527 2
95513 65914 1
95513 89508 1
95513 91308 1
95513 93633 1
95513 94384 1
95513 48572 1
95513 62600 1
95513 14081 1
95513 50929 1
95513 2179 1
95513 25061 1
95513 65667 1
95513 61070 2
95513 97460 1
95513 33757 -1
95513 33042 1
95513 60246 1
95513 34882 1
95532 5406 -1
95532 11630 -1
95532 32002 -2
95532 57113 -1
95532 62870 -2
95532 73794 -1
95532 79350 1
95532 87191 -1
95532 94287 -1
95532 98230 1
95532 20162 -8
95532 25560 1
95532 37225 -1
95532 59527 -2
95532 65914 -1
95532 60930 -1
95532 76613 -1
95532 26634 1
95532 94377 -1
95532 85679 1
95532 2094 -3
95532 49901 -1
95532 28569 -1
95532 47611 -1
95532 10904 -2
95532 26344 -1
95532 54465 -1
95532 56275 -2
95532 57388 -1
95532 60565 -1
95532 67898 -1
95532 73367 -1
95532 79215 -1
95532 91915 -1
95532 93539 -1
95532 98187 -1
95679 3777 -1
95679 9412 -1
95679 93633 -1
95679 61070 1
95845 6099 1
95845 8279 2
95845 14529 1
95845 49768 1
95845 51147 2
95845 51921 1
95845 59808 1
95845 62870 -3
95845 73099 1
95845 90052 1
95845 67452 2
95845 65667 4
95845 73269 1
95845 63380 1
95845 38885 2
95936 264 3
95936 51921 2
95936 7881 -1
95936 40457 -1
95936 93633 -3
95936 78285 -5
95936 85679 -1
95936 28139 -1
95936 84090 -2
95936 55200 1
96123 62600 -1
96123 43481 1
96123 29538 1
96198 20284 -1
96198 61856 1
96351 5406 2
96351 9412 1
96351 11630 2
96351 51147 1
96351 76123 2
96351 2451 1
96351 12804 1
96351 59527 1
96351 89508 1
96351 90212 1
96351 91308 1
96351 93633 1
96351 94384 1
96351 94691 2
96351 61314 -1
96351 60604 2
96351 62600 3
96351 91629 1
96351 60127 1
96351 65667 1
96351 85305 1
96351 69796 1
96351 97188 1
96351 65042 1
96351 71508 1
96351 54465 1
96351 73367 1
96351 20345 1
96351 35832 1
96351 47697 1
96351 75863 1
96351 96374 1
96351 76226 1
96351 728 1
96904 51921 -1
96904 35379 1
96904 54278 -1
96904 62600 1
97499 75583 1
97499 89508 1
97499 26612 -1
97499 24124 1
97499 61070 1
97499 65042 1
97499 28156 -1
97499 59145 -1
97499 78424 -1
97802 93633 -1
98230 5212 -1
98230 5406 1
98230 38075 -1
98230 43531 -3
98230 51921 2
98230 59808 1
98230 62870 -3
98230 85464 2
98230 98891 -2
98230 20284 -1
98230 25560 1
98230 65914 -1
98230 89508 1
98230 96292 -1
98230 78285 1
98230 60604 1
98230 62600 1
98230 8343 -1
98230 14081 -1
98230 50929 -1
98230 65667 3
98230 61070 -1
98230 73269 1
98230 85305 1
98230 52736 1
98230 8092 1
98230 29538 1
98230 12009 1
98230 78933 1
98254 8010 1
98254 11630 1
98254 39265 1
98254 72927 1
98254 93633 1
98254 28139 1
98254 33611 -1
98254 18067 1
98254 20345 1
98254 53098 1
98891 62870 1
98891 71929 1
98891 35379 1
98891 43440 1
98891 96292 2
98891 14081 3
98891 92015 1
98891 61070 4
98891 84159 -1
98992 11331 -5
98992 36614 -1
98992 38075 -1
98992 43531 -2
98992 52682 -1
98992 98230 1
98992 20284 -1
98992 25560 1
98992 42523 -3
98992 43440 -2
98992 65914 -1
98992 91308 -2
98992 26612 -1
98992 14081 -1
98992 65667 1
98992 12198 -1
98992 20070 -4
98992 87646 -1
99237 36614 -1
99237 71929 -1
99237 81005 -2
99337 23396 1
99337 51147 2
99337 51921 1
99337 62870 -1
99337 64506 1
99337 25560 1
99337 96292 -1
99337 65667 1
99337 80306 1
99337 12009 1
99337 82423 1
99694 60604 -1
99832 4642 -2
99832 8279 1
99832 60655 1
99832 73794 -1
99832 25560 1
99832 60604 1
99832 8343 -1
504 51147 1
1358 51147 3
1416 5406 1
1416 36614 1
1416 71929 1
1416 14081 1
1416 81005 1
1426 94384 1
1426 94691 1
1426 85305 1
1426 71316 1
2176 65667 1
2451 59808 1
2451 40457 1
2451 93633 1
2451 62600 1
2887 8279 1
2887 65667 1
3360 82849 1
3670 11177 1
3670 59527 1
3670 89508 2
3670 85305 1
3670 33042 1
3886 71929 1
3886 61070 1
4237 72927 1
4237 85469 1
4894 21389 1
4959 62870 1
5136 65667 1
5400 91308 1
5979 65667 1
5979 54465 1
5979 33042 1
6359 62600 1
6554 37225 1
7881 5212 1
7881 5406 1
7881 24418 1
7881 73794 1
7881 11177 1
7881 12804 1
7881 59527 2
7881 62630 1
7881 81805 1
7881 89508 2
7881 90212 1
7881 93633 2
7881 94691 3
7881 78285 1
7881 62600 1
7881 2040 1
7881 65667 3
7881 73269 1
7881 85305 1
7881 99087 1
7881 84090 1
7881 48286 1
7881 54465 1
7881 20345 1
7881 29538 1
7881 33042 2
7881 35832 1
7881 47697 2
7881 60246 1
7881 22931 1
7881 51900 1
7881 66196 1
7881 96374 1
7945 78285 1
8764 16786 1
8909 3777 1
8909 5212 1
8909 5406 2
8909 11630 2
8909 24418 2
8909 72927 1
8909 73794 2
8909 98230 3
8909 43202 1
8909 59527 1
8909 62038 1
8909 86944 1
8909 89508 3
8909 94691 1
8909 62600 3
8909 72212 1
8909 26634 1
8909 2094 1
8909 65667 5
8909 85305 2
8909 81467 1
8909 54465 1
8909 73367 1
8909 33042 1
8909 35832 1
8909 60246 1
8909 982 1
8909 76226 1
8909 77011 1
8909 78933 1
9138 59808 1
9191 25201 4
9191 96292 1
9191 62600 1
9191 61070 1
9322 89508 1
9501 62870 2
10496 8279 1
10700 61070 1
11177 98230 1
11177 89508 1
11177 94384 1
11177 65667 1
11177 33042 1
11177 35832 1
11177 47697 1
11731 43531 1
11731 62870 1
12129 5212 1
12129 94384 1
12129 94691 1
12129 60127 1
12129 65667 2
12129 52736 1
12129 33042 1
12129 35832 1
12129 60246 1
12129 13127 1
12129 76226 1
12129 66923 1
12549 43531 1
12549 12804 2
12549 93633 1
12549 76613 1
12549 71508 1
12705 38075 1
12804 93633 2
13198 5406 1
13198 62870 1
13198 59527 1
13198 89508 1
13198 94384 1
13198 35832 1
13903 73794 2
14051 264 1
14051 51921 1
14759 37114 1
14759 62600 1
14759 34882 1
14921 99087 1
14921 33042 1
15583 43531 1
15583 89508 1
16367 38075 1
16367 43531 1
16367 62870 2
16367 82849 1
16367 91308 1
16367 61070 1
16621 36565 1
16879 92436 1
16879 93633 2
17446 35379 1
17446 37225 1
17446 8343 1
17446 55426 1
17687 20284 1
18249 5212 1
18249 98230 1
18249 12804 1
18249 59527 1
18249 89508 1
18397 65667 1
18504 37114 1
18504 59808 1
18933 20345 1
18933 75863 1
19391 62870 1
19816 55866 1
20162 5406 1
20162 59527 1
20162 89508 1
20162 94691 1
20162 14081 1
20162 65667 1
20162 43481 1
20162 73367 1
20162 8092 1
20162 29538 1
20162 33042 2
20162 35832 1
20162 60246 1
20162 21793 1
20162 68563 1
20162 79389 1
20284 8343 1
20320 51921 1
20320 70388 1
20465 32002 1
20585 41973 1
20585 51921 1
20585 65667 1
20585 41658 1
20585 47697 1
21523 62870 1
21523 35379 1
21523 65914 1
21523 50929 1
21523 12426 1
21561 28139 1
22300 20314 1
22300 14081 1
22300 11101 1
22531 35379 1
22531 61070 1
22900 43531 1
22900 62870 1
22900 18249 1
22900 59527 1
22900 89508 1
22900 94384 1
22900 62600 1
22900 65667 1
22900 33042 1
22900 71316 1
22900 12426 1
24036 39265 1
24353 62600 1
24353 33042 1
24353 35832 1
24353 21793 1
24797 5212 1
24797 11630 1
24797 43202 1
25071 76123 1
25201 9191 1
25241 5212 1
25241 35379 1
25241 94691 1
25241 65667 1
25241 59534 1
25551 56275 1
25551 73367 1
25560 65667 1
25613 98230 1
25613 61070 1
25657 96351 1
27029 38075 1
27029 43531 1
27029 62870 2
27029 71929 1
27029 98891 1
27029 43440 1
27029 96292 1
27029 50929 1
27057 5212 1
27057 82849 1
27057 50929 1
27057 61070 1
27057 29836 1
27057 29538 1
27057 48410 1
27057 60246 1
27057 88632 1
27611 82849 1
27611 85679 1
27611 73803 1
27611 33504 1
27611 93946 1
27627 51147 1
27865 60604 1
28485 24418 1
28485 48300 1
28566 43202 1
28566 94384 1
28566 2040 1
28566 35832 1
28741 5212 1
28741 73794 1
28741 87246 1
28741 89508 1
28741 94384 1
28741 62600 1
28741 65667 1
28741 4810 1
28741 99087 1
28741 29538 1
28741 33042 1
29747 4642 1
30143 65667 1
30204 62870 1
32454 3777 1
32454 51147 1
32454 84159 1
32979 4642 1
33109 61314 1
33109 13427 1
34003 51921 1
34003 59527 1
34003 94691 1
34003 60604 1
34003 85305 1
34003 99087 1
34003 60565 1
34031 62600 1
34333 38075 1
34333 43531 1
34333 62870 1
34333 35379 1
34333 59527 1
34333 93633 1
34333 48572 1
34333 61070 2
34333 34949 1
34392 38885 1
34576 61070 1
34764 78285 1
34830 73623 1
34830 93633 1
34830 62600 1
34830 48286 2
34830 71508 1
35171 43531 1
35171 62870 1
35171 19811 1
35379 81805 1
35379 89508 1
35379 48572 1
35379 72212 1
35379 61070 1
35379 12426 1
35379 57252 1
35379 58442 1
35845 89508 1
35845 65667 1
36088 37114 1
36088 43440 1
36088 81805 1
36088 14081 1
36088 35223 1
36317 57386 1
36317 62600 1
36317 20345 1
37225 35379 1
37225 25061 1
37635 61070 1
37635 55426 1
37761 12804 1
37761 93633 1
37843 35832 1
38056 33042 1
38559 43531 1
38559 71929 1
38559 82849 1
38559 14081 1
38559 24416 1
38674 89508 1
38794 51147 1
38794 71480 1
38794 51414 1
38879 20284 1
38956 60604 1
39292 62870 1
39292 72927 1
39292 93633 1
39292 48572 1
39292 84090 1
40028 62600 1
40028 65667 1
40028 1833 1
40457 93633 2
40457 28139 1
40651 40827 1
40651 65667 1
40827 51147 1
40949 35379 2
40949 93633 1
40949 61070 1
41560 89508 1
42228 5406 1
42228 51921 1
42228 17687 1
42228 89508 1
42228 33042 1
42228 13127 1
42228 44062 1
42273 98230 1
42273 85679 1
42273 31703 1
42273 16786 1
42343 72927 1
42523 11331 4
42523 38075 1
42523 39265 1
42523 43531 1
42523 62870 3
42523 43440 3
42523 91308 3
42523 96292 1
42523 60930 1
42523 26612 4
42523 14081 3
42523 20070 1
42814 2040 1
42814 65667 1
42857 37114 1
42857 62057 1
43053 1303 1
43053 5212 1
43053 5406 1
43053 37114 1
43053 59527 1
43053 89508 1
43053 93633 3
43053 94691 1
43053 97805 1
43053 60604 1
43053 62600 4
43053 72212 1
43053 28139 1
43053 73269 1
43053 63469 1
43053 97188 1
43053 48286 1
43053 71508 1
43053 14615 1
43053 71316 1
43053 29781 1
43202 5212 1
43202 98230 1
43202 11177 1
43202 59527 1
43202 89508 1
43202 94384 1
43202 94691 1
43202 62600 1
43202 14081 1
43202 2040 1
43202 65667 1
43202 85305 1
43202 52736 1
43202 20345 1
43202 29538 1
43202 33042 1
43202 37611 1
43202 48410 1
43202 35223 1
43202 79793 1
43265 37114 1
43265 14759 1
43265 93633 1
43265 33972 1
43265 85194 1
43440 59534 1
43462 26612 1
43990 62600 1
44462 72927 1
44729 20314 2
44729 62870 1
44729 61070 1
44948 4642 1
44948 98230 1
44948 89508 1
44948 94691 1
44948 65667 1
44948 23585 1
44948 29538 1
44948 35832 1
44980 9501 1
45296 1968 1
45551 3256 1
45551 92015 1
45551 61070 1
48363 62891 1
48363 24191 1
48650 89508 2
48907 60604 1
48963 38075 1
49015 93633 1
49015 2040 1
49015 31430 1
49537 5406 1
49537 62600 1
49537 33042 1
50587 47697 1
50836 12804 1
51117 62870 1
51117 82849 1
51117 9501 1
51117 65914 1
51404 38075 1
51404 62870 1
52018 89508 1
52018 94384 1
52018 94691 2
52018 60604 1
52018 62600 2
52018 72212 1
53148 94691 1
53148 60604 1
53148 62600 1
53148 65667 1
53148 47697 1
53383 94691 1
53383 62600 1
53454 3777 1
53454 78285 1
53454 65667 1
54148 43531 1
54148 62870 1
54148 26612 1
54148 24416 1
54148 55426 1
54278 3777 1
54306 89508 1
54306 65667 1
54911 8279 1
54911 51147 1
54911 51921 1
54911 54278 1
54911 65667 1
55561 2094 1
55866 62600 1
56183 5212 2
56183 5406 1
56183 59527 1
56183 94691 1
56183 48572 1
56183 6091 1
56183 65667 1
56183 99087 1
56183 48286 1
56183 43481 1
56183 29538 1
56183 33042 1
56183 35832 1
56183 48410 1
56183 60246 1
56183 21793 1
56183 79793 1
56183 8455 1
56183 20174 2
56183 91977 1
57386 33042 1
58213 35832 1
58380 62870 1
58380 65914 1
58380 79793 1
58449 98230 1
58463 62600 1
58463 65667 1
58463 60246 1
59527 5212 1
59527 5406 1
59527 62870 1
59527 98230 1
59527 81805 1
59527 89508 2
59527 90212 1
59527 26612 1
59527 72212 1
59527 50929 1
59527 65667 1
59527 85305 1
59527 43481 1
59527 29538 1
59527 33042 1
59527 35832 1
59527 47697 1
59527 60246 1
60160 61070 1
60305 72927 1
60617 35832 1
60695 37635 1
61277 62600 1
61277 14081 1
61277 33042 1
61277 21793 1
61580 33042 1
61840 51921 1
62038 73794 1
62038 62600 1
62317 59527 1
62317 81805 1
62317 26612 2
62556 37225 1
62630 21358 1
63094 65667 1
63547 52665 1
63547 62870 2
63547 26612 1
64058 93633 1
64058 78285 2
64478 43440 1
64666 35379 1
64666 29538 1
65040 5212 1
65040 37114 1
65040 62870 4
65040 59527 1
65040 65914 1
65040 61070 1
65040 19082 1
65292 82849 1
65292 81805 1
65292 93633 1
65292 78285 1
65292 84090 1
65702 81805 1
65905 2094 1
65905 57787 1
65905 89681 1
65914 11331 1
65914 22254 1
65914 43531 1
65914 35379 1
65914 61070 1
65914 33042 1
65914 35223 1
65964 51147 1
65977 48572 1
65977 55426 1
67190 69894 2
67190 91763 2
67218 62600 1
67528 11630 1
67528 89508 2
67528 85679 1
67528 73803 1
67528 53265 1
67528 62979 1
67742 52666 1
67742 47698 1
68001 35379 1
68001 61070 1
68099 51147 1
68401 62870 1
68571 62870 1
69852 51921 1
70269 73623 1
70372 26634 1
70372 29745 1
70507 38075 1
71030 82849 1
71030 56275 1
71030 73367 1
71030 33504 1
71030 90579 1
71639 4642 1
71639 62870 2
71845 35379 1
72355 62870 1
72355 81805 1
73494 59808 1
73623 16151 1
73680 93633 1
73997 5406 1
73997 9412 1
73997 94384 1
73997 94691 1
73997 65667 1
73997 85305 1
73997 69796 3
73997 73367 1
73997 35832 2
73997 52666 1
74025 62870 3
74025 26612 1
74533 51229 1
75325 65667 1
75942 93633 2
75942 36565 1
77271 51921 1
77271 65667 1
77332 62870 1
77332 82849 1
77428 65667 1
77951 72927 1
78376 37114 1
78384 26612 1
78546 61070 1
78572 93633 1
78572 78285 1
78935 12804 1
79220 4642 1
79220 61070 1
79343 65667 1
79648 59808 1
80618 4642 1
81518 20345 1
81805 26612 1
81805 14081 1
81805 62905 1
82630 25560 1
83711 38075 1
84197 85305 1
84304 48286 1
84910 65914 1
84940 12804 1
85201 51921 1
85201 98230 2
85201 59527 1
85201 94691 1
85201 62600 1
85201 65667 2
85201 73269 1
85201 85305 1
85201 42906 1
85201 29538 1
85201 33042 1
85201 35832 1
85201 47697 2
86316 72927 1
86755 43531 1
86755 98230 1
86755 58463 1
86755 65914 1
86755 65667 1
86755 48286 2
86755 12426 1
86944 78285 1
87109 89508 1
87246 51921 1
87246 76123 1
87246 43202 1
87246 94384 1
87246 62600 1
87246 72212 1
87246 65667 1
87246 16786 1
87246 29538 1
87367 85679 1
87497 65667 1
87497 2939 1
87870 89511 2
87870 91507 1
88093 5212 1
88093 24418 1
88093 66750 1
88093 98230 1
88093 87246 1
88093 89508 1
88093 94384 1
88093 94691 1
88093 60604 1
88093 60127 1
88093 65667 1
88093 52736 1
88093 33042 1
88093 35832 1
88093 35223 1
88339 18004 1
88339 71929 1
88339 35379 1
88339 96292 2
88339 61070 2
88361 91629 1
88786 24124 1
89208 5212 1
89208 51921 1
89208 73794 1
89208 98230 1
89208 11177 1
89208 28566 1
89208 59527 1
89208 62038 1
89208 90212 1
89208 14081 1
89208 65667 2
89208 48286 1
89208 29538 1
89208 35832 1
89208 21793 1
89208 68563 1
89508 5406 1
89508 8010 1
89508 11630 1
89508 32002 1
89508 72927 1
89508 52018 1
89508 59527 1
89508 62600 3
89508 65667 1
89508 85305 1
90172 50354 1
90212 5406 1
90212 11177 1
90212 43202 1
90212 59527 1
90212 89508 2
90212 94384 1
90212 94691 1
90212 60604 1
90212 65667 2
90212 85305 1
90212 73367 1
90212 33042 1
90212 35832 2
90212 47697 1
90212 60246 1
90212 21793 1
90309 59808 2
91308 43531 1
91358 65667 2
91358 35832 1
91362 39265 1
91362 62870 2
91362 65914 1
91934 5212 1
91934 9412 1
91934 72927 1
91934 40457 1
91934 93633 3
91934 94384 1
91934 62600 1
91934 55426 1
91934 71508 1
91934 29538 1
92234 91308 1
92864 9412 1
92864 41644 1
93066 40827 1
93207 35379 4
93207 24191 2
93207 15387 1
93207 61687 1
93519 94384 1
93519 65667 1
93633 9412 2
93633 78285 1
93786 43440 2
94161 65667 1
94384 76123 1
94384 43202 1
94384 94691 1
94384 62600 1
94384 85305 1
94384 35832 1
94384 38585 1
94485 36614 1
94485 62870 1
94508 65667 1
94691 5406 1
94691 94384 1
94691 62600 1
94722 93633 1
94722 79793 1
94803 4148 1
95061 20314 1
95830 35379 1
95832 93633 1
95832 78285 2
95832 84090 1
95997 71929 2
96047 33109 1
96047 14081 1
96047 61070 1
96292 35379 2
96292 93349 1
96939 78285 1
97057 9412 1
97057 72927 1
97057 96351 1
97057 73997 1
97057 93633 2
97057 94384 1
97057 19811 1
97057 60604 1
97057 14081 1
97057 65667 1
97057 36565 1
97057 85305 1
97057 47697 1
97436 35379 1
97436 58442 1
97627 62870 1
97627 35379 1
97627 14081 1
97805 12804 1
97805 34830 1
97805 40457 1
97805 73623 2
97805 93633 4
97805 62600 2
97805 97188 1
97805 48286 1
97805 71508 2
97905 58463 1
97905 94384 1
97905 94691 1
97905 62600 1
97905 73269 1
97905 69796 1
98093 3777 1
98093 8279 1
98323 93633 1
99421 5212 1
99421 5406 1
99421 89508 1
99421 94691 1
99421 62600 1
99421 65667 1
99421 33042 1
99421 35832 1
99421 60246 1
99421 21793 1
