644 24124 -1
644 93633 -1
1073 12009 1
1073 71929 -1
1073 24124 -2
1073 21018 -2
1073 24191 -2
1351 3821 -2
1351 9501 1
1351 21112 1
1351 62891 1
1351 71929 1
1351 98891 1
1351 96292 1
1351 14081 2
1351 61070 1
1351 52438 1
1416 9501 2
1416 45326 2
1416 97244 2
1416 11691 1
1416 23537 -1
1416 26763 -1
1416 37142 1
1416 62905 1
1416 14033 1
1416 84214 1
1596 24124 -1
1968 35379 1
1968 45326 1
1968 62891 1
1968 65914 1
1968 85464 -1
1968 97244 1
1968 14081 1
1968 20314 1
1968 76072 1
3360 3821 -1
3360 9501 1
3360 35379 1
3360 45326 1
3360 71929 1
3360 88518 1
3360 1251 1
3360 38075 1
3360 8343 1
3360 76072 1
3654 3821 1
3654 8279 1
3654 14829 1
3654 23396 1
3654 30489 1
3654 35491 3
3654 63756 2
3654 65914 -1
3654 70358 -1
3654 71929 -1
3654 72970 2
3654 74350 -1
3654 81260 -1
3654 81805 -2
3654 85464 2
3654 89508 1
3654 97244 -2
3654 19391 -1
3654 43440 -1
3654 59527 -1
3654 91070 -1
3654 23537 1
3654 5560 -1
3654 8343 -1
3654 14081 -1
3654 29745 -1
3654 37142 -1
3654 50929 -1
3654 54706 -1
3654 62076 -1
3654 79648 -1
3654 88612 -2
3654 92015 -1
3654 67452 1
3654 23239 1
3654 65667 2
3654 33611 1
3654 73269 1
3654 52680 1
3654 59808 1
3654 47142 1
3654 84071 1
3654 20326 1
3777 24124 -4
3777 88612 -11
3777 2094 -1
3777 65667 2
3821 6099 1
3821 8279 1
3821 13668 -1
3821 14051 -2
3821 14829 1
3821 19268 1
3821 21112 -2
3821 22254 -1
3821 31061 -2
3821 35491 1
3821 37307 1
3821 37635 -10
3821 39265 -4
3821 45326 -3
3821 52682 -1
3821 62891 -2
3821 63756 4
3821 65914 -5
3821 70233 -1
3821 70358 -2
3821 71929 -1
3821 74350 -1
3821 80096 1
3821 81260 -2
3821 81805 -1
3821 85464 1
3821 88518 -2
3821 89508 1
3821 90052 4
3821 91408 -1
3821 93539 -1
3821 95045 1
3821 95165 5
3821 96047 -1
3821 97244 -6
3821 98891 -4
3821 98992 1
3821 9196 -1
3821 11691 -1
3821 12603 2
3821 38075 -2
3821 42799 1
3821 43440 -1
3821 96292 -1
3821 24191 -4
3821 8343 -1
3821 14081 -2
3821 50929 -3
3821 54706 -1
3821 79648 -1
3821 92015 -1
3821 2094 -2
3821 2179 -1
3821 6382 -1
3821 8766 -1
3821 11331 -2
3821 11652 -2
3821 18764 -1
3821 26612 -3
3821 26948 -1
3821 28062 -3
3821 29836 -1
3821 30494 -1
3821 39196 -1
3821 40457 -1
3821 42523 -1
3821 48568 -1
3821 48572 -1
3821 53093 -2
3821 53557 -1
3821 57728 -2
3821 57787 -2
3821 57854 -1
3821 61070 -3
3821 61239 -1
3821 66845 -1
3821 77775 -1
3821 79725 -3
3821 81518 -1
3821 88784 -1
3821 92221 -2
3821 94377 -1
3821 63469 1
3821 71832 2
3821 29901 2
3821 70030 1
3821 59808 1
3821 84071 1
3821 21168 1
3821 41644 1
3821 50911 1
3821 63380 1
3821 69002 1
3821 76123 1
3821 78718 2
4054 3777 -1
4054 3821 -7
4054 9501 1
4054 14829 -5
4054 17014 3
4054 21112 6
4054 35379 9
4054 39265 2
4054 41376 1
4054 45326 3
4054 52682 1
4054 62891 2
4054 65914 2
4054 66501 2
4054 70344 -1
4054 70358 1
4054 71929 2
4054 81805 2
4054 88518 1
4054 90052 -1
4054 97244 4
4054 98891 1
4054 99976 1
4054 13019 1
4054 13198 1
4054 24416 2
4054 32671 1
4054 38075 2
4054 82019 1
4054 91070 1
4054 96292 2
4054 24124 1
4054 24191 2
4054 8343 2
4054 14081 5
4054 50929 2
4054 54706 1
4054 88612 3
4054 2094 1
4054 2179 2
4054 8766 1
4054 26612 1
4054 61070 1
4054 17511 -1
4054 67452 -1
4054 84159 -2
4054 99820 -1
4054 43125 1
4054 52438 1
4054 87102 1
4054 88339 1
4054 91636 2
4054 26634 2
4054 37225 1
4054 81606 1
4054 14891 1
4054 19082 1
4054 35223 2
4054 73762 2
4054 76747 1
6099 14829 2
6099 31061 -1
6099 35491 1
6099 37307 2
6099 37635 -1
6099 45326 -2
6099 62891 -1
6099 63756 1
6099 71929 -1
6099 72970 2
6099 80096 1
6099 85464 6
6099 95165 1
6099 97244 -4
6099 38075 -1
6099 96292 -1
6099 14081 -6
6099 88612 -2
6099 28062 -1
6099 67452 1
6099 84159 2
6099 3256 -1
6099 20284 -1
6099 65667 2
6099 63469 1
6099 83439 1
6099 59808 4
6099 42906 1
6099 47142 1
6099 53210 1
6099 78718 1
6099 28647 1
6099 982 1
6099 15387 1
6099 54278 1
6099 73141 1
6426 3777 -1
6426 4054 1
6426 35379 4
6426 65914 2
6426 71929 1
6426 87381 1
6426 13019 1
6426 24124 2
6426 24191 1
6426 8343 1
6426 14081 1
6426 54706 1
6426 88612 3
6426 92015 1
6426 3256 2
6426 33113 1
6426 9389 1
6464 31575 1
6464 85464 1
6464 19811 -2
6464 50929 -1
6464 37114 1
6716 3821 -1
6716 45326 1
6716 70358 1
6716 71929 1
6716 97244 1
6716 38075 1
6716 8343 1
6716 14081 2
6716 6382 1
6716 67452 -1
6716 23239 -1
6716 69832 1
7983 21112 -1
7983 72695 1
7983 9191 -1
7983 25201 -2
7983 48572 -1
7983 25159 -3
7983 78838 -1
8279 9501 -1
8279 19268 1
8279 21112 -1
8279 23396 1
8279 35491 2
8279 51921 1
8279 63756 1
8279 71929 -1
8279 81805 -1
8279 85464 1
8279 94161 1
8279 97244 -2
8279 38075 -2
8279 24124 -1
8279 14081 -2
8279 88612 -1
8279 34123 -1
8279 65667 3
8279 63469 1
8279 52680 1
8279 55813 1
8279 47142 1
8279 81273 1
8909 14829 -1
8909 35379 1
8909 6554 2
8909 65667 2
8909 36419 2
8909 25263 1
8909 63639 1
8909 73507 1
8909 15387 1
8909 1802 1
8909 54669 1
8909 55866 1
8909 62600 1
9412 11604 -1
9412 60930 -1
9425 45326 1
9425 72927 -1
9425 14081 1
9490 3821 -2
9490 21112 1
9490 45326 1
9490 70358 1
9490 71929 1
9490 97244 3
9490 98891 1
9490 22544 1
9490 24416 1
9490 14081 1
9490 62076 1
9490 28062 1
9490 34123 1
9490 33653 -1
9490 1809 1
9501 8279 -1
9501 17014 1
9501 21112 1
9501 35379 1
9501 45326 2
9501 52682 1
9501 62891 1
9501 65914 1
9501 71929 2
9501 72927 -1
9501 81805 1
9501 85464 -1
9501 97244 1
9501 12426 1
9501 34021 2
9501 38075 1
9501 14081 1
9501 50929 1
9501 2094 2
9501 76072 3
9501 97460 1
9954 35379 1
9954 45326 1
9954 99976 1
9954 33042 -1
9954 44516 1
9954 70507 1
11069 97244 -1
11069 38075 -1
11277 30489 1
11277 63756 1
11277 88612 -1
11604 9412 -1
11604 59527 -1
11604 66142 -1
11604 78285 -1
11810 19811 1
11810 93633 -1
11810 23993 -1
11810 69832 1
11810 6797 1
11810 75672 1
12009 24124 -2
12009 14081 -1
12705 14829 -1
12705 35379 1
12705 62891 1
12705 97244 1
13412 45326 -1
13412 72927 1
13412 73099 1
13412 98891 -1
13412 19811 -1
13412 71162 -2
13412 96292 -2
13412 14081 -2
13412 50929 -1
13412 19888 -1
13412 35867 -1
13412 56348 -1
13412 92921 -1
13668 3821 -1
13668 35379 1
13668 89621 1
13668 97244 1
13668 1251 1
13668 79793 1
13818 14829 -1
14051 3821 -1
14051 9501 1
14051 14829 -3
14051 35379 2
14051 62891 1
14051 65914 2
14051 71929 1
14051 76294 -1
14051 81805 1
14051 97244 1
14051 2179 1
14051 79793 1
14829 8279 1
14829 23396 1
14829 26891 -1
14829 35491 1
14829 61154 -1
14829 63756 1
14829 65914 -1
14829 72961 -5
14829 81805 -1
14829 85464 1
14829 89621 -1
14829 91408 -1
14829 97244 -3
14829 13019 -1
14829 24124 -2
14829 50929 -2
14829 2094 -1
14829 88784 -3
14829 67452 1
14829 5168 -1
14829 15909 -1
14829 65667 1
14829 73269 1
15156 8279 1
15156 35491 1
15156 24124 -1
15156 88612 -1
15156 62600 1
17014 72927 -1
17014 24191 4
17014 14081 1
17014 91636 1
17889 14829 -1
18249 76294 -1
19268 1968 -2
19268 3777 1
19268 3821 4
19268 6426 -1
19268 8279 8
19268 12009 1
19268 13668 -1
19268 14051 -4
19268 14829 3
19268 17014 -1
19268 21112 -1
19268 23396 1
19268 31061 -1
19268 35491 4
19268 37307 1
19268 37316 2
19268 39265 -1
19268 41376 -1
19268 42390 1
19268 45326 -2
19268 51502 1
19268 52682 -1
19268 57557 -1
19268 60279 -1
19268 62891 -3
19268 63756 3
19268 64970 1
19268 65914 -7
19268 66501 -2
19268 70358 -3
19268 71929 -2
19268 76294 1
19268 77981 1
19268 78094 -2
19268 80096 2
19268 80882 1
19268 81260 -2
19268 81805 -2
19268 85464 2
19268 87191 -2
19268 88518 -3
19268 89621 -2
19268 91408 -1
19268 94161 1
19268 95045 1
19268 95165 1
19268 97244 -5
19268 98891 -1
19268 99976 -1
19268 1251 -3
19268 11691 -1
19268 12603 1
19268 13019 -2
19268 19391 -1
19268 20162 -1
19268 22544 -1
19268 24416 -3
19268 38075 -6
19268 43440 -1
19268 48321 -1
19268 59527 -1
19268 78572 -1
19268 78694 -1
19268 91070 -2
19268 91507 -2
19268 95679 -2
19268 96198 1
19268 96292 -2
19268 24124 -4
19268 24191 -7
19268 5560 -1
19268 14081 -8
19268 29745 -3
19268 37142 -2
19268 50929 -2
19268 54706 -3
19268 79648 -1
19268 88612 -4
19268 92015 -4
19268 26612 -2
19268 28062 -1
19268 29836 -1
19268 30494 -1
19268 39196 -1
19268 42523 -1
19268 53557 -2
19268 77775 -1
19268 79725 -2
19268 88784 -2
19268 3256 -1
19268 34123 -1
19268 60930 -2
19268 740 -1
19268 5212 -3
19268 6091 -1
19268 9450 -1
19268 11139 -1
19268 13847 -1
19268 15475 -1
19268 25551 -1
19268 26053 -1
19268 31902 -1
19268 33113 -1
19268 36614 -2
19268 43125 -1
19268 47193 -1
19268 51681 -1
19268 52438 -2
19268 59540 -1
19268 69973 -1
19268 70291 -1
19268 71584 -2
19268 81005 -2
19268 84052 -2
19268 84802 -1
19268 87102 -1
19268 87601 -2
19268 88339 -1
19268 91636 -1
19268 65667 1
19268 71832 1
19268 52680 1
19268 74097 1
19268 59808 2
19268 47142 2
19268 12849 1
19268 76123 1
19268 982 1
19268 21537 2
19268 55670 1
19268 95215 1
19410 3821 -2
19410 14829 -1
19410 20070 1
19410 35379 1
19410 45326 1
19410 62891 1
19410 65914 2
19410 66501 1
19410 70358 1
19410 71929 1
19410 81805 1
19410 90052 -1
19410 97244 2
19410 38075 1
19410 91070 1
19410 24124 1
19410 8343 1
19410 14081 1
19410 29745 1
19410 2179 1
19410 88784 1
19410 5212 1
19410 91636 1
19410 65667 -1
19410 97739 -1
19410 79793 1
19410 43481 1
19816 70388 1
19816 21490 -1
19816 37114 1
19816 21389 1
19816 46666 1
19829 71162 -1
20070 3821 -1
20070 97244 1
20070 38075 3
20322 85679 -1
20412 3821 -1
20412 35379 1
20412 65914 1
20412 71929 1
20412 88518 1
20412 97244 1
20412 14081 1
20412 2094 2
20412 91636 1
20412 37114 1
20412 50866 1
21096 35379 1
21096 71162 -1
21096 37114 1
21096 51229 1
21112 30489 -1
21112 35379 3
21523 3821 -3
21523 9501 2
21523 14829 -4
21523 21112 4
21523 23396 -1
21523 31061 1
21523 35379 7
21523 39265 2
21523 45326 2
21523 65914 2
21523 66501 1
21523 70358 1
21523 71929 5
21523 76294 -1
21523 85464 -1
21523 87381 1
21523 90052 -1
21523 98891 1
21523 5807 1
21523 12426 1
21523 21490 -1
21523 32671 1
21523 84910 1
21523 91070 1
21523 96292 4
21523 24124 1
21523 24191 1
21523 14081 6
21523 29745 1
21523 50929 4
21523 92015 1
21523 2094 1
21523 2179 1
21523 28062 1
21523 39196 1
21523 88784 1
21523 43125 1
21523 59540 1
21523 70291 1
21523 88339 2
21523 91636 1
21523 28295 -1
21523 33611 -1
21523 63469 -1
21523 66828 -1
21523 71832 -1
21523 88632 1
21523 26634 1
21523 47611 1
21523 76072 1
21523 79793 1
21523 25392 1
21523 34821 1
21523 79823 1
22254 3821 -5
22254 37635 4
22254 71929 1
22254 96047 2
22254 11691 1
22254 96292 2
22254 14081 3
22254 50929 1
22254 2094 3
22254 42523 1
22254 61070 1
22254 29901 -1
22254 49143 1
22254 35223 1
22338 13412 1
22338 17014 -1
22338 24191 -1
22338 14081 -2
22338 17511 1
23381 9501 1
23381 21112 1
23381 35379 1
23381 45326 2
23381 52282 -1
23381 65914 1
23381 71929 1
23381 77332 1
23381 81805 1
23381 85464 -2
23381 97244 3
23381 11630 -2
23381 20162 -1
23381 38075 2
23381 43440 3
23381 96292 1
23381 24191 1
23381 14081 7
23381 29745 1
23381 88612 1
23381 2094 2
23381 2179 1
23381 6382 1
23381 26053 1
23381 2040 -1
23381 58218 -1
23381 73269 -2
23381 84472 -1
23381 86182 -1
23381 94964 -1
23381 26634 2
23381 62905 1
23381 73762 1
23381 76747 1
23396 8279 1
23396 96292 -2
23396 24191 -1
23396 31125 1
24418 3777 2
24418 3821 1
24418 14829 1
24418 90052 1
24418 88612 -2
24418 65667 3
24418 59808 1
24418 35223 1
24881 61070 -1
25347 9501 1
25347 21112 1
25347 35379 1
25347 45326 2
25347 52682 1
25347 62891 1
25347 70358 1
25347 71929 1
25347 97244 3
25347 98891 1
25347 96292 1
25347 23537 -1
25347 14081 1
25347 76072 1
25347 37114 1
25472 3821 -4
25472 19268 -1
25472 20070 1
25472 35491 -2
25472 45326 1
25472 62891 1
25472 64970 -1
25472 65914 2
25472 66501 1
25472 81805 1
25472 97244 1
25472 12426 1
25472 38075 2
25472 92015 1
25472 33113 1
25472 37004 1
26848 63469 1
26848 11289 -1
26848 37114 1
26891 14829 -1
27323 45326 1
27323 38075 1
27323 23537 -1
27323 14081 1
30100 35379 2
30100 89508 2
30100 19811 1
30100 50929 1
30100 78285 1
30100 36990 -1
30100 21168 1
30100 37114 1
30489 8279 1
30489 14829 3
30489 19268 1
30489 21112 -4
30489 23396 1
30489 31575 1
30489 35491 3
30489 52682 -1
30489 63756 2
30489 89621 -1
30489 90052 1
30489 91408 -1
30489 95165 1
30489 98992 1
30489 1251 -1
30489 44322 1
30489 95679 -1
30489 96292 -1
30489 5560 -1
30489 14081 -1
30489 29745 -1
30489 37142 -1
30489 50929 -1
30489 67452 1
30489 3256 -1
30489 60930 -1
30489 5212 -3
30489 88339 -1
30489 65667 3
30489 12509 -1
30489 17283 1
30489 47142 1
30489 81273 1
30503 3821 -1
30503 70030 -1
30587 14829 -1
30587 62891 1
30587 97244 1
30587 12426 1
30587 61070 1
30587 37004 1
30587 77455 1
31061 3821 -2
31061 21112 1
31061 35379 2
31061 45326 1
31061 97244 1
31061 32671 1
31061 29745 1
31061 50929 1
31061 88612 1
31061 2179 1
31061 61070 1
31508 55346 -1
31508 61070 1
31508 85679 -1
31575 35491 1
31575 81805 -1
31575 55670 1
33028 14829 -4
33028 19268 -1
33028 35379 2
33028 39265 2
33028 65914 1
33028 70358 1
33028 71929 2
33028 78094 1
33028 82849 1
33028 89621 1
33028 90052 -1
33028 97244 1
33028 99976 1
33028 11691 3
33028 24416 3
33028 32671 2
33028 38246 1
33028 91070 1
33028 29745 1
33028 50929 1
33028 8766 1
33028 67452 -1
33028 52438 1
33028 52680 -1
33028 83439 -1
33028 92982 1
33435 3821 -1
33435 21112 1
33435 35379 2
33435 39265 1
33435 45326 1
33435 52682 1
33435 62891 1
33435 71929 1
33435 81805 1
33435 90052 -1
33435 97244 1
33435 14081 1
33435 50929 1
33435 92015 1
33435 2179 1
33435 12999 -1
33491 14081 -1
34333 35379 3
34333 62891 1
34333 65914 1
34333 71929 1
34333 97244 1
34333 24416 1
34333 23537 -1
34333 8343 1
34333 33042 1
34333 71584 1
34333 72968 1
34333 35223 1
35379 3821 -1
35379 21112 1
35379 81805 1
35379 21490 1
35379 24191 1
35379 33042 1
35379 5212 1
35379 79793 1
35379 43481 1
35379 29538 1
35491 30489 1
35491 71929 -1
35491 72927 1
35491 81805 -1
35491 98992 1
35491 96292 -1
35491 24191 -1
35491 88612 -1
35491 3256 -1
35491 59808 1
35491 55670 1
35539 3821 3
35539 8279 6
35539 9412 1
35539 14829 3
35539 23396 2
35539 35491 3
35539 51921 1
35539 52682 -1
35539 57216 1
35539 65914 -1
35539 72927 1
35539 78094 -1
35539 81805 -1
35539 85464 2
35539 94161 1
35539 97244 -5
35539 96292 -2
35539 14081 -3
35539 29745 -1
35539 2094 -1
35539 67452 1
35539 5212 -1
35539 65667 3
35539 63469 1
35539 41658 1
35539 59808 1
35539 55813 1
35539 37773 1
35539 78718 1
35539 28647 1
35539 81273 1
35539 55670 1
35539 29261 1
36238 38885 -1
37182 8279 1
37182 70358 -1
37182 14081 -1
37182 88612 -2
37182 2094 -1
37182 60930 -1
37307 3821 2
37307 9412 1
37307 14829 1
37307 21112 -2
37307 63756 2
37307 65914 -2
37307 70358 -1
37307 97244 -2
37307 22544 -1
37307 38075 -1
37307 23537 1
37307 14081 -1
37307 50929 -1
37307 77775 -1
37307 34123 -1
37307 11139 -1
37307 71584 -1
37307 85679 1
37307 63469 1
37307 78718 1
37307 982 1
37316 3821 1
37316 8279 1
37316 19268 1
37316 21112 -1
37316 35491 1
37316 81805 -1
37316 97244 -1
37316 24124 -1
37316 24191 -1
37316 29745 -1
37316 53557 -1
37316 33113 -1
37316 63469 1
37316 91883 -1
37635 3821 -6
37635 71929 1
37635 74350 1
37635 96047 1
37635 14081 1
37635 61070 6
37635 60654 1
38220 60127 -2
38220 94691 -2
39025 33042 1
39025 75125 -1
39265 3821 -12
39265 9501 1
39265 13818 1
39265 14829 -5
39265 21112 1
39265 27323 1
39265 35379 2
39265 35491 -1
39265 45326 7
39265 59596 1
39265 62891 2
39265 65914 2
39265 70358 3
39265 71929 2
39265 74350 1
39265 85464 -1
39265 86596 -1
39265 87381 1
39265 89621 2
39265 97244 2
39265 98891 1
39265 11691 4
39265 12426 1
39265 22544 1
39265 24416 1
39265 38075 1
39265 91070 1
39265 96292 1
39265 24124 2
39265 24191 1
39265 8343 1
39265 14081 7
39265 2094 2
39265 2179 1
39265 6382 1
39265 26612 1
39265 28062 1
39265 53093 1
39265 57728 1
39265 61070 1
39265 94377 1
39265 33113 1
39265 91636 2
39265 81606 1
39265 35223 2
39265 21389 1
39265 93526 1
39265 60654 1
39390 14829 -1
39390 65914 1
39390 24416 1
39390 32671 1
39390 24124 1
39390 42523 1
39458 3821 -1
39458 35379 1
39458 11630 -1
39458 23585 -1
39458 38060 -1
39458 60604 -1
39458 62343 -1
39458 47207 1
39458 43481 1
39458 98512 1
39596 8279 1
39596 35491 1
39596 81260 -1
39596 81805 -1
39596 23537 1
39596 33611 1
39596 38060 1
39596 1833 1
40092 3821 -1
41376 35379 1
41376 65914 2
41376 71929 1
41376 97244 2
41376 24416 1
41376 32671 1
41376 78694 1
41376 85785 1
41376 24191 1
41376 14081 2
41376 29745 1
41376 2094 1
41376 28062 1
41376 79725 1
41376 5212 1
41376 71584 1
41376 91636 1
41376 33611 -1
41376 41658 -1
41376 10439 1
41376 35223 2
41493 35379 1
41493 45326 2
41493 52682 2
41493 71929 1
41493 97244 1
41493 96292 1
41493 23537 -1
41493 61239 1
42390 8279 1
42390 9501 -1
42390 14829 1
42390 65914 -1
42390 81260 -1
42390 97244 -1
42390 38075 -1
42390 5560 -1
42390 14081 -1
42390 50929 -1
42390 48572 -1
42390 67452 1
42390 84159 1
42390 84802 -1
42390 65667 2
42390 85679 1
42390 73269 1
42390 44516 -1
42390 88632 -1
42390 42906 1
42390 84071 1
42390 15867 1
42390 38671 1
43299 3821 -1
43299 21112 1
43299 52682 1
43299 62891 1
43299 65914 1
43299 71929 2
43299 81805 1
43299 97244 2
43299 24416 1
43299 38075 2
43299 14081 2
43299 50929 1
43299 2179 1
43299 79725 1
43299 740 1
43299 74097 -1
43531 21112 2
43531 39265 1
43531 62891 1
43531 70358 1
43531 97244 3
43531 13198 1
43531 15583 1
43531 38075 4
43531 14081 5
43531 65667 -1
43531 26634 4
45326 3821 -2
45326 14829 -1
45326 17014 1
45326 23396 -1
45326 35379 1
45326 39265 1
45326 62891 1
45326 65914 3
45326 70358 1
45326 71929 5
45326 72927 -1
45326 81805 1
45326 95165 -1
45326 98891 1
45326 8010 1
45326 11691 1
45326 24191 1
45326 14081 2
45326 2094 4
45326 28062 1
45326 84159 -2
45326 3256 3
45326 91636 1
45326 62343 1
45326 46881 -1
45326 59808 -1
45326 47207 1
45326 62905 2
45326 76072 2
45473 65914 -1
45473 24416 -1
45837 88612 -1
46494 88612 -1
51168 72970 1
51168 24124 -1
51168 59808 1
51400 97244 -1
51400 6554 1
51400 14081 -2
51400 57787 1
51400 65667 2
51400 27205 -1
51400 50866 1
51502 21523 -1
51502 39265 -1
51502 62891 -1
51502 63756 1
51502 65914 -1
51502 70358 -1
51502 85464 1
51502 88518 -1
51502 91408 -1
51502 80883 -1
51502 50929 -1
51920 92015 1
51920 61070 1
51920 55813 -1
51921 3821 1
51921 97244 -1
51921 91070 -1
51921 92015 -1
52282 21112 -2
52282 62891 -2
52282 65914 -1
52282 24124 -3
52282 14081 -3
52282 54706 -2
52282 88612 -7
52282 43125 -1
52282 59540 -1
52282 84052 -2
52282 65667 1
52557 24191 -2
52665 3821 -1
52665 17014 1
52665 31061 1
52665 35491 -1
52665 45326 2
52665 65914 1
52665 81805 1
52665 97244 1
52665 32671 1
52665 14081 1
52665 66845 1
52665 5212 1
52665 26634 1
52682 3821 -3
52682 9501 2
52682 14829 -1
52682 21112 2
52682 25347 1
52682 35379 1
52682 41493 2
52682 45326 1
52682 62891 1
52682 71929 2
52682 81805 3
52682 90052 -1
52682 97244 5
52682 98891 2
52682 24416 1
52682 38075 1
52682 43440 2
52682 96292 1
52682 23537 -1
52682 14081 1
52682 79725 1
52682 88784 1
52682 84052 1
52682 47207 1
52682 59129 2
52682 58910 1
52682 76072 1
53260 3821 -5
53260 13818 1
53260 14829 -1
53260 21112 1
53260 35379 1
53260 39265 3
53260 52282 -1
53260 62891 3
53260 65914 1
53260 70358 1
53260 71929 1
53260 81805 1
53260 90052 -2
53260 97244 6
53260 38075 2
53260 24124 2
53260 14081 2
53260 54706 1
53260 88612 2
53260 2094 3
53260 42523 1
53260 53093 2
53260 84052 1
53623 45326 -2
53623 60279 -2
53623 63756 1
53623 65914 -3
53623 70358 -1
53623 81260 -1
53623 89621 -1
53623 95165 1
53623 98891 -1
53623 1251 -1
53623 24191 -1
53623 14081 -2
53623 29745 -1
53623 92015 -1
53623 2094 -2
53623 60930 -1
53623 71584 -1
53623 31341 -1
53623 98840 -1
53900 23396 1
53900 96292 -1
54096 14829 1
54096 14081 -1
54096 67452 2
54096 95917 1
54096 55670 1
54715 96292 -1
55346 42390 1
55346 85464 1
55346 6554 1
55346 5560 -1
55346 88612 -1
55346 65667 1
55346 33611 1
55346 73269 1
55346 99986 1
55346 61066 1
56153 63756 1
56153 73099 1
56153 97244 -1
56153 14081 -1
56153 84052 -1
56153 65667 1
56153 59808 1
56168 23396 -1
56168 96292 1
56183 65914 1
56183 73269 -1
56183 44516 1
56183 99388 -1
56183 37852 1
56309 14829 1
56309 19268 1
56309 65914 -1
56309 88518 -1
56309 24124 -1
56309 76123 1
56404 8279 1
56404 23396 1
56404 81805 -2
56404 24124 -1
56404 24191 -2
56404 48572 -1
56404 88784 -1
56404 84052 -1
56404 65667 1
56404 97739 1
56404 38060 1
56874 96292 1
56874 14081 1
56874 26612 1
56874 85679 -1
56874 37852 -1
57216 3821 1
57216 8279 1
57216 67149 1
57216 81260 -1
57216 85464 1
57216 14081 -1
57216 28647 1
57216 26114 1
57491 72970 1
57491 14081 -1
57491 51147 1
57557 87381 1
57557 14081 1
57557 46881 -1
57811 3821 -1
57811 35379 1
57811 20162 -1
59596 3821 -2
59596 35379 1
59596 45326 2
59596 24191 1
59596 54706 1
60179 57854 -1
60179 78285 -1
60179 19888 1
60279 55813 -1
60727 3821 4
60727 14829 1
60727 57216 1
60727 97244 -2
60727 33653 1
60727 17533 1
60752 17014 -1
60752 19268 1
60752 21112 -1
60752 35491 1
60752 11691 -2
60752 24191 -4
60752 23537 1
60752 14081 -1
60752 17511 1
60752 91636 -1
60752 65667 1
60752 55670 1
61154 31061 1
61154 35379 1
61154 70358 1
61154 88612 2
61154 33611 -1
62891 1968 1
62891 3821 -2
62891 14051 1
62891 20070 1
62891 21112 2
62891 35379 4
62891 35491 -1
62891 45326 3
62891 52282 -2
62891 52682 1
62891 65914 2
62891 70358 1
62891 71929 3
62891 80452 -1
62891 81805 1
62891 85464 -2
62891 8010 1
62891 38075 1
62891 80883 1
62891 24124 1
62891 23537 -1
62891 14081 4
62891 54706 1
62891 88612 5
62891 92015 1
62891 2179 1
62891 8766 1
62891 5212 2
62891 43125 1
62891 52438 1
62891 73427 -1
62891 62905 1
62891 76072 1
62891 41846 1
63503 14081 -1
63547 3821 -1
63547 9501 1
63547 21112 1
63547 35379 1
63547 45326 1
63547 70358 1
63547 71929 1
63547 81805 1
63547 97244 2
63547 38075 2
63547 24124 2
63547 24191 1
63547 14081 2
63547 92015 1
63547 28062 3
63547 74800 1
63756 3821 5
63756 8279 3
63756 14051 -1
63756 14829 3
63756 19268 1
63756 21112 -1
63756 35491 2
63756 37307 1
63756 45326 -2
63756 64970 1
63756 65914 -4
63756 70358 -2
63756 71929 -1
63756 74350 -1
63756 76294 1
63756 81260 -1
63756 85464 1
63756 86596 1
63756 88518 -1
63756 89621 -2
63756 91408 -1
63756 95165 1
63756 97244 -5
63756 97386 -1
63756 98891 -2
63756 1251 -1
63756 5807 -1
63756 11691 -2
63756 14529 1
63756 38075 -1
63756 65103 -1
63756 5560 -2
63756 14081 -9
63756 54706 -1
63756 2094 -2
63756 6382 -1
63756 28062 -2
63756 79725 -2
63756 60930 -1
63756 56348 -1
63756 11139 -1
63756 52438 -1
63756 71584 -1
63756 65667 1
63756 52680 1
63756 62343 -1
63756 59808 1
63756 55813 1
63756 646 -1
63756 25700 -2
63756 57397 -1
63756 72968 -1
63756 49899 1
63756 47142 3
63756 94832 1
63756 28647 1
63756 982 1
63756 15387 1
63756 21537 1
63756 29261 1
63756 26114 1
63756 7662 1
63756 74554 1
64213 37635 -1
64213 80882 1
64213 20162 -1
64213 50929 -1
64213 6382 -1
64213 61070 -2
64506 97244 -2
64506 38075 -2
64506 88612 -1
64540 1351 1
64540 3821 -5
64540 4054 1
64540 8279 -1
64540 14051 1
64540 14829 -2
64540 21112 1
64540 21523 1
64540 35379 2
64540 35491 -1
64540 37635 1
64540 39265 1
64540 41376 1
64540 45326 4
64540 59596 1
64540 62891 2
64540 65914 5
64540 70358 1
64540 71929 3
64540 72927 -1
64540 77332 1
64540 81260 1
64540 81805 1
64540 85464 -1
64540 88518 1
64540 89621 1
64540 96047 1
64540 97244 4
64540 98891 1
64540 12426 1
64540 22544 1
64540 27029 1
64540 38075 1
64540 43440 1
64540 59527 1
64540 91070 1
64540 96292 1
64540 24191 1
64540 14081 5
64540 29745 1
64540 50929 1
64540 88612 1
64540 92015 2
64540 2094 4
64540 2179 2
64540 6382 1
64540 18764 1
64540 26612 2
64540 28062 1
64540 61070 1
64540 79725 1
64540 52438 1
64540 71584 1
64540 84052 1
64540 91636 1
64540 74097 -1
64540 37225 1
64540 76072 1
64540 14891 1
64540 35223 1
64540 79793 1
64540 43481 1
64540 10008 1
64540 94072 1
64970 3821 4
64970 6099 1
64970 8279 3
64970 9412 1
64970 9501 -3
64970 14829 2
64970 19268 1
64970 20070 -1
64970 21112 -3
64970 23396 2
64970 35491 2
64970 45326 -5
64970 52682 -1
64970 62891 -1
64970 63756 1
64970 65914 -1
64970 67149 1
64970 70358 -1
64970 71929 -1
64970 72927 1
64970 81805 -4
64970 85464 2
64970 90052 1
64970 95045 1
64970 95165 6
64970 97244 -5
64970 98891 -2
64970 98992 1
64970 1251 -1
64970 10023 -1
64970 13019 -2
64970 26900 -1
64970 34021 -1
64970 38075 -6
64970 43440 -1
64970 95679 -1
64970 96292 -7
64970 24124 -1
64970 24191 -2
64970 23537 1
64970 14081 -12
64970 37142 -1
64970 50929 -3
64970 54706 -1
64970 62076 -1
64970 88612 -1
64970 92015 -4
64970 6382 -5
64970 28062 -2
64970 48572 -1
64970 77775 -1
64970 79725 -3
64970 88784 -8
64970 67452 1
64970 60930 -3
64970 19888 -2
64970 5212 -2
64970 33113 -1
64970 52438 -1
64970 81005 -1
64970 84052 -4
64970 87601 -2
64970 65667 2
64970 63469 1
64970 52680 1
64970 83439 1
64970 38060 1
64970 41658 2
64970 44516 -1
64970 74097 2
64970 59808 1
64970 55813 1
64970 1232 -1
64970 32342 -1
64970 46068 -1
64970 46645 -1
64970 47207 -1
64970 57414 -1
64970 59129 -1
64970 82028 -1
64970 23558 1
64970 37773 1
64970 47142 2
64970 69002 3
64970 28647 1
64970 37114 1
64970 21537 1
64970 23844 1
64970 23941 1
64970 43341 1
64970 70369 1
64970 78417 1
65643 8279 1
65643 14829 1
65643 97244 -1
65914 3821 -1
66501 14829 -1
66501 62891 1
66501 71929 1
66501 81805 1
66501 24416 1
66501 2179 1
66501 91636 1
66501 97739 -1
66501 14891 1
66501 73762 1
66501 43481 2
66501 73146 1
66501 91977 1
67149 24191 -1
67480 56183 -1
67480 56226 -1
67740 53260 1
67740 81805 1
67740 14081 1
67740 61070 5
67740 23558 -1
67860 35379 1
67860 8343 1
67860 74097 -1
68048 96292 -1
68048 24124 -1
68048 21018 -1
68048 24191 -1
68048 88612 -1
68092 35379 1
68092 97244 1
68092 33611 -1
68092 60604 -1
69667 62891 1
69667 70358 1
69667 71929 1
69667 42584 -1
69667 94691 -1
70137 21112 1
70137 2179 1
70137 17283 -1
70233 3821 -1
70233 35379 1
70344 65914 -1
70344 70358 -1
70344 97244 -1
70344 54706 -1
70344 56348 -1
70344 73269 1
70358 3821 -3
70358 9501 1
70358 14051 1
70358 14829 -2
70358 21112 2
70358 31061 2
70358 35379 1
70358 37635 1
70358 39265 2
70358 45326 3
70358 52682 1
70358 62891 1
70358 65914 4
70358 71929 10
70358 78094 1
70358 80452 -1
70358 81805 1
70358 86596 -1
70358 87381 1
70358 97244 4
70358 11691 2
70358 12426 3
70358 13198 1
70358 17792 1
70358 22544 2
70358 26900 1
70358 32671 1
70358 38075 1
70358 8343 1
70358 14081 9
70358 50929 1
70358 79648 1
70358 92015 1
70358 2094 4
70358 2179 1
70358 6382 1
70358 11331 1
70358 26612 1
70358 57787 1
70358 61070 1
70358 81518 1
70358 88784 1
70358 60930 1
70358 740 1
70358 26053 1
70358 33113 1
70358 52438 1
70358 33611 -1
70358 42906 -1
70358 69832 1
70358 81606 1
70358 76072 1
70358 79793 1
70358 12198 1
70358 59706 1
70358 66998 1
70388 3821 1
70388 14829 1
70388 24418 1
70388 90052 1
70388 97244 -1
71048 60930 -1
71929 3821 -8
71929 9501 1
71929 14829 -1
71929 21112 1
71929 21523 2
71929 23396 -1
71929 25347 2
71929 31061 1
71929 35379 3
71929 35491 -1
71929 39265 1
71929 45326 3
71929 52682 1
71929 65914 2
71929 70344 -1
71929 70358 2
71929 78094 1
71929 85464 -5
71929 86596 -1
71929 89621 1
71929 90052 -1
71929 96047 1
71929 97244 2
71929 98891 3
71929 5807 1
71929 12426 1
71929 38075 1
71929 91070 2
71929 96292 1
71929 24124 1
71929 14081 6
71929 50929 1
71929 2094 5
71929 2179 1
71929 6382 1
71929 8766 1
71929 28062 2
71929 61070 1
71929 84159 -1
71929 3256 1
71929 60930 1
71929 33653 -1
71929 5212 1
71929 88339 2
71929 91636 1
71929 28295 -1
71929 71832 -4
71929 52680 -1
71929 83439 -4
71929 38885 -1
71929 28580 -1
71929 35701 -1
71929 36736 -1
71929 41590 -1
71929 49899 -1
71929 26634 1
71929 62905 2
71929 73762 1
71929 93526 1
71929 66005 1
72371 9501 -1
72371 35491 1
72371 74350 -1
72371 98891 -1
72371 14081 -3
72371 2094 -2
72371 42906 1
72416 71162 2
72416 57854 -2
72416 78285 -2
72416 17687 1
72695 69832 -1
72927 21523 -1
72927 24191 -1
72927 58910 -1
72927 61423 -1
72961 14829 -4
72961 93349 1
72961 13959 -1
72969 88612 -1
72970 97244 -1
73037 1968 1
73037 3821 -9
73037 9501 1
73037 13818 1
73037 14829 -1
73037 17014 2
73037 21112 3
73037 35379 9
73037 35491 -1
73037 39265 2
73037 45326 4
73037 52682 1
73037 65914 3
73037 70358 2
73037 71929 4
73037 86596 -1
73037 88518 1
73037 97244 4
73037 98891 1
73037 24416 2
73037 32671 1
73037 38075 2
73037 43440 1
73037 96292 1
73037 24124 1
73037 24191 1
73037 23537 -2
73037 8343 1
73037 14081 7
73037 88612 1
73037 92015 2
73037 2094 1
73037 2179 1
73037 53093 2
73037 61070 1
73037 88784 1
73037 3256 1
73037 5212 1
73037 91636 1
73037 55813 -1
73037 10439 1
73037 76072 1
73037 35223 1
73037 43481 1
73037 10008 1
73099 12009 1
73099 13412 1
73099 31061 -1
73099 70358 -1
73099 74350 -1
73099 85464 2
73099 91408 -1
73099 11691 -1
73099 24416 -1
73099 95679 -1
73099 24124 -1
73099 14081 -4
73099 50929 -1
73099 88612 -3
73099 2094 -2
73099 42523 -1
73099 35867 -1
73099 88339 -1
73099 65667 1
73099 3796 -1
73099 49143 -1
73099 73623 -1
74025 14829 -1
74025 21112 1
74025 35379 1
74025 66501 1
74350 3821 -1
74350 61070 3
75577 33611 -1
75577 83056 1
75829 3777 1
75829 88612 -2
76294 3821 1
76294 8279 1
76294 9501 -1
76294 14051 -1
76294 14829 1
76294 23396 1
76294 35491 1
76294 87191 -1
76294 90052 1
76294 96292 -2
76294 33113 -1
76294 65667 2
76294 4024 -1
76294 26634 -1
76294 29333 -1
76294 47611 -1
76294 65919 -1
76294 75672 1
76294 18460 1
76294 83109 1
77171 85464 2
77171 89508 2
77171 6554 1
77171 88612 -1
77171 65667 1
77332 45326 1
77332 71929 1
77332 24416 1
77332 14081 1
77332 37773 -1
77332 35223 1
77981 14829 1
77981 19268 1
77981 21112 -1
77981 35491 3
77981 60279 -1
77981 63756 1
77981 81805 -1
77981 85464 1
77981 94161 1
77981 97244 -1
77981 98891 -1
77981 11691 -1
77981 45957 -1
77981 96292 -1
77981 14081 -1
77981 50929 -2
77981 28295 1
77981 82942 1
77995 19811 3
77995 40031 3
77995 96292 2
77995 57787 1
77995 65667 1
77995 39739 -1
77995 73507 1
77995 50866 1
77995 11304 1
77995 23383 1
78094 8279 -1
78094 31508 1
78094 35379 1
78094 39265 1
78094 62891 1
78094 65914 2
78094 66501 1
78094 70358 2
78094 71929 4
78094 90052 -1
78094 95165 -1
78094 97244 2
78094 98891 1
78094 12426 1
78094 24416 1
78094 26900 1
78094 32671 1
78094 71162 -1
78094 96292 1
78094 24124 1
78094 14081 2
78094 50929 1
78094 2094 1
78094 52438 1
78094 33611 -3
78094 63469 -1
78094 57397 1
78094 17283 -2
78094 26634 1
78094 58757 3
78094 35223 1
78094 79793 1
78094 43481 1
78094 37611 1
78887 3821 -1
78887 61070 3
79350 11630 -1
79350 20162 -1
80096 3821 2
80096 8279 2
80096 17014 -1
80096 19268 2
80096 21112 -2
80096 35491 2
80096 37307 1
80096 45326 -1
80096 63756 2
80096 70358 -1
80096 85464 1
80096 87191 -1
80096 10023 -1
80096 24416 -2
80096 24191 -1
80096 5560 -1
80096 14081 -2
80096 29745 -1
80096 11331 -1
80096 67452 1
80096 60930 -1
80096 33113 -1
80096 52438 -2
80096 65667 2
80096 52680 1
80096 73427 1
80096 58910 -1
80096 4060 -1
80096 10439 -1
80096 37225 -1
80096 63583 -1
80096 81606 -1
80096 982 1
80096 95215 1
80096 8092 1
80096 23576 1
80452 35491 1
80452 85464 4
80452 48321 -1
80452 37225 -1
80526 3821 -1
80882 24191 -3
80882 55670 1
81260 1351 1
81260 3821 -11
81260 6716 1
81260 8279 -2
81260 9501 6
81260 14829 -6
81260 21112 3
81260 21523 1
81260 23396 -3
81260 25347 2
81260 31061 1
81260 31508 1
81260 35379 5
81260 35491 -4
81260 39265 1
81260 42390 -1
81260 43299 1
81260 45326 4
81260 52682 1
81260 62891 2
81260 65914 6
81260 66501 1
81260 70344 -1
81260 70358 3
81260 71929 4
81260 75829 -1
81260 76294 -1
81260 77332 1
81260 80452 -2
81260 81805 3
81260 82849 1
81260 85464 -1
81260 90052 -2
81260 95165 -5
81260 97244 7
81260 98891 2
81260 98992 -1
81260 1251 1
81260 5807 1
81260 13019 1
81260 18004 1
81260 26900 1
81260 34021 1
81260 38075 3
81260 38567 1
81260 58778 1
81260 59527 1
81260 75189 1
81260 91070 1
81260 91777 1
81260 94839 1
81260 96292 1
81260 24124 1
81260 24191 2
81260 23537 -1
81260 8343 1
81260 14081 10
81260 29745 2
81260 50929 1
81260 54706 1
81260 88612 4
81260 92015 1
81260 2094 4
81260 2179 1
81260 6382 4
81260 8766 1
81260 26612 2
81260 28062 3
81260 39196 1
81260 53093 4
81260 77775 1
81260 3256 1
81260 20284 1
81260 34123 1
81260 33042 1
81260 56348 1
81260 5212 2
81260 6091 1
81260 9450 1
81260 26053 1
81260 33113 1
81260 43125 2
81260 52438 2
81260 59540 1
81260 70291 1
81260 71584 2
81260 87102 1
81260 91636 2
81260 65667 -5
81260 97739 -2
81260 85679 -1
81260 33611 -1
81260 63469 -1
81260 71832 -4
81260 52680 -3
81260 83439 -1
81260 12999 -1
81260 62343 3
81260 41658 -1
81260 74097 -1
81260 73427 -1
81260 57397 1
81260 47207 1
81260 42906 -2
81260 49899 -1
81260 4060 1
81260 10439 1
81260 8183 -1
81260 11627 -1
81260 17561 -1
81260 43693 -1
81260 47142 -1
81260 53210 -1
81260 84071 -1
81260 95917 -1
81260 18544 1
81260 49489 2
81260 20314 1
81260 73507 1
81260 35223 1
81260 73762 2
81260 79793 2
81260 43481 2
81260 60246 1
81260 29538 1
81260 60654 1
81260 10008 1
81260 94072 1
81260 37611 1
81260 1451 1
81260 11429 1
81260 30656 1
81260 36784 1
81260 38756 1
81260 57113 1
81260 58442 1
81260 73429 1
81260 74564 1
81260 82621 1
81260 86118 1
81805 3821 -2
81805 62891 1
81805 72927 -1
81805 95165 -2
81805 78572 2
81805 24124 4
81805 24191 3
81805 14081 1
81805 92015 1
81805 61239 1
81805 40574 -1
82849 33611 -1
82864 8279 1
82864 9501 -1
82864 14829 1
82864 35491 1
82864 51921 1
82864 52682 -1
82864 65914 -2
82864 70358 -1
82864 72970 1
82864 85464 1
82864 87191 -1
82864 87381 -1
82864 95165 1
82864 97244 -2
82864 98891 -1
82864 24124 -1
82864 14081 -3
82864 29745 -2
82864 2094 -1
82864 6382 -1
82864 60930 -1
82864 5212 -1
82864 65667 2
82864 83439 1
82864 62343 -1
83933 78694 -1
83933 14081 -1
83933 79725 -1
84805 13959 -1
85464 14829 1
85464 21112 -2
85464 31061 -1
85464 35491 1
85464 45326 -1
85464 62891 -1
85464 65914 -1
85464 71929 -1
85464 72927 1
85464 72970 1
85464 80096 1
85464 89621 -1
85464 97244 -1
85464 5560 -1
85464 14081 -4
85464 88612 -4
85464 8766 -1
85464 88784 -1
85464 65667 3
85464 73269 1
85464 83439 1
85464 46881 1
85464 59808 1
85464 62905 -1
85464 28647 1
85464 15387 1
86351 14829 2
86351 17889 -1
86351 21112 -1
86351 35491 1
86351 37307 1
86351 63756 1
86351 65914 -1
86351 70358 -1
86351 85464 1
86351 95165 2
86351 24124 -1
86351 24191 -1
86351 14081 -1
86351 88612 -2
86351 92015 -1
86351 11331 -1
86351 65667 1
86351 83439 1
86351 1049 -1
86351 72212 1
86596 3821 3
86596 12009 2
86596 13412 1
86596 14051 -1
86596 14829 1
86596 21112 -1
86596 23396 1
86596 24418 1
86596 41376 -1
86596 45326 -1
86596 61154 -1
86596 63756 3
86596 65914 -3
86596 70358 -3
86596 71929 -1
86596 72927 1
86596 73099 1
86596 82849 -1
86596 85464 2
86596 87191 -1
86596 89621 -1
86596 95045 2
86596 95165 2
86596 98891 -5
86596 96292 -1
86596 24124 -1
86596 14081 -8
86596 50929 -2
86596 79648 -1
86596 2094 -4
86596 11331 -3
86596 39196 -1
86596 40457 -1
86596 57787 -1
86596 79725 -1
86596 88784 -1
86596 84159 1
86596 56348 -2
86596 47193 -1
86596 81005 -1
86596 38885 1
86596 41658 1
86596 46881 1
86596 59808 1
86596 11627 1
86596 18544 -1
86596 25025 -1
86596 63380 1
86596 95215 1
86596 11611 2
86755 3777 -1
86755 6426 1
86755 24418 1
86755 35379 1
86755 24124 1
86755 14081 1
86755 88612 3
87191 14829 -1
87191 21112 1
87191 35379 1
87191 65914 1
87191 81805 1
87191 90052 -1
87191 97244 1
87191 12426 1
87191 38075 1
87191 14081 1
87191 5212 1
87191 35223 1
87381 3777 -1
87381 88612 2
87659 88612 -1
88518 1968 1
88518 3821 -12
88518 14051 1
88518 14829 -5
88518 35379 3
88518 39265 2
88518 45326 2
88518 65914 3
88518 70358 2
88518 71929 2
88518 85464 -1
88518 86596 -1
88518 89621 1
88518 93539 1
88518 24416 1
88518 32671 1
88518 91070 1
88518 24124 2
88518 8343 1
88518 50929 2
88518 2179 1
88518 11331 1
88518 18764 2
88518 30494 1
88518 57787 2
88518 81518 1
88518 88784 2
88518 52438 1
88518 87102 1
88518 12849 -1
88518 76072 2
89508 3821 1
89508 9412 1
89508 63756 1
89508 78094 -1
89508 6554 1
89508 19811 1
89508 24506 1
89508 71162 3
89508 94384 1
89508 93633 1
89508 50929 1
89508 65667 2
89518 94832 -1
89621 1351 1
89621 3821 -4
89621 11604 1
89621 13668 1
89621 13818 1
89621 14051 1
89621 14829 -1
89621 31061 1
89621 35379 3
89621 39265 4
89621 45326 1
89621 60279 1
89621 70358 2
89621 71929 3
89621 74350 1
89621 81805 1
89621 86596 -1
89621 88518 2
89621 95165 -2
89621 98891 2
89621 1251 1
89621 11630 -1
89621 24416 2
89621 32671 1
89621 43440 1
89621 96292 1
89621 24191 1
89621 8343 1
89621 14081 11
89621 50929 2
89621 2094 3
89621 2179 1
89621 8766 1
89621 26612 1
89621 28062 2
89621 61070 4
89621 81518 1
89621 88784 2
89621 67452 -2
89621 5212 1
89621 52438 2
89621 91636 1
89621 65667 -1
89621 33611 -1
89621 63469 -1
89621 73269 -1
89621 52680 -1
89621 57397 1
89621 37225 1
89621 80919 -1
89621 75113 1
90052 3821 1
90052 97244 -1
90052 33611 1
90052 17283 1
90309 36419 -1
91408 14829 -1
91408 21112 1
91408 35379 1
91408 39265 1
91408 65914 1
91408 89621 1
91408 96047 1
91408 97244 3
91408 22544 1
91408 24416 1
91408 14081 2
91408 50929 1
91408 26612 1
91408 71584 1
91408 91636 1
91574 57397 -1
93349 14829 -1
93349 72961 1
93349 8010 1
93539 14829 -1
94161 98891 -1
94161 65667 1
94508 3821 1
94508 14829 1
94508 35491 1
94508 24416 -1
94508 14081 -1
94508 52438 -1
95045 19268 1
95045 21112 -1
95045 37635 -2
95045 45326 -1
95045 65914 -2
95045 71929 -1
95045 95165 4
95045 98891 -1
95045 96292 -1
95045 24191 -4
95045 8343 -1
95045 14081 -6
95045 26612 -1
95045 48572 -1
95045 57787 -1
95045 88784 -2
95045 3256 -5
95045 63469 1
95045 17561 2
95045 78357 1
95165 3821 2
95165 31061 -1
95165 81260 -1
95165 14081 -6
95165 50929 -1
95165 2094 -5
95165 53093 -1
95165 65667 2
95165 33611 1
95165 71832 1
95165 62343 -4
95165 42906 2
95165 49143 -1
95165 10439 -1
95165 49489 -3
95165 22057 1
95165 40360 1
95513 3777 -1
95513 6426 1
95513 35379 1
95513 45326 1
95513 62891 1
95513 65914 1
95513 70358 2
95513 71929 2
95513 87381 1
95513 88518 1
95513 96047 1
95513 22544 1
95513 24416 1
95513 24124 1
95513 14081 2
95513 88612 5
95513 2094 3
95513 2179 1
95513 76072 1
95513 21389 1
95513 93526 1
96047 3821 -1
96047 35379 1
96047 37635 1
96047 81805 1
96047 5807 1
96047 14081 1
97244 9501 2
97244 45326 1
97244 85464 -1
97244 90052 -1
97244 38075 1
97244 6382 1
97386 14829 -1
97693 14829 1
97693 14081 -1
97693 88612 -1
97693 33611 1
97693 35822 1
98093 97244 -1
98093 38060 1
98442 78094 -1
98442 58757 -3
98891 3821 -2
98891 96292 2
98891 24191 1
98891 14081 2
98992 3821 1
98992 8279 1
98992 9501 -1
98992 37635 -1
98992 70358 -1
98992 71929 -1
98992 97244 -1
98992 38075 -1
98992 14081 -3
98992 26612 -1
98992 28062 -1
98992 99676 -1
99976 21112 1
99976 35379 1
99976 35491 -1
99976 71929 1
99976 89508 1
99976 94384 1
99976 24124 1
99976 14081 1
99976 33042 1
99976 5212 1
99976 52438 1
99976 60246 1
99976 52666 1
0 1968 1
0 97244 1
430 65667 2
485 53093 1
650 89508 1
650 6554 1
650 16786 1
650 42584 1
650 94384 1
650 66142 1
650 60127 1
650 94691 1
650 12804 1
650 25263 1
650 63639 2
1251 71929 1
1396 21112 1
1396 97244 1
1396 13019 1
1396 14081 1
1396 48572 1
2515 35379 1
2515 97244 1
2515 14081 1
3012 19811 1
3012 96292 1
3012 73507 1
3670 16786 1
3735 35379 3
3735 45326 1
3735 62891 1
3735 98891 1
3735 32671 1
3735 24124 1
3735 14081 1
4237 35379 2
4388 95165 1
4388 28647 1
4959 70358 1
4959 71929 1
5604 21490 1
5695 67452 1
5807 35379 1
5979 33042 1
6554 94384 1
7187 73269 1
8010 88612 1
9191 25201 4
9191 46286 1
9191 85305 1
9196 81805 1
9196 97244 1
9196 38075 1
9322 33042 1
10023 61070 1
11630 85464 1
11630 89508 2
11630 6554 1
11630 9322 1
11630 16786 4
11630 59527 1
11630 94384 1
11630 65667 2
11630 63469 1
11630 2040 1
11630 60604 1
11660 85464 1
11691 2094 1
11840 88612 1
11840 61070 1
11951 24191 1
12040 33113 1
12426 71929 1
12603 3821 1
13019 21112 1
13019 97244 1
13019 54706 1
13198 65914 1
14465 35379 1
14492 97244 1
14492 38075 1
14492 82019 1
14529 65667 1
14805 38075 1
14846 9501 1
14846 35379 1
14846 97244 1
15583 35379 1
15583 97244 1
15583 98891 1
16624 61070 1
16762 12804 1
16786 94384 1
16786 60127 1
16786 85305 1
16786 99986 2
17201 35379 1
17430 88612 1
17446 14081 2
17446 88612 1
17792 29745 1
18004 9501 1
18004 35379 1
18004 96047 1
18004 97244 1
18004 24124 1
18004 14081 1
18213 35379 1
18259 37114 1
18768 12804 1
19021 33042 1
19021 35867 1
19391 35379 1
19391 13019 1
19597 88612 1
19811 35379 1
20162 59527 1
21490 35379 1
22136 50866 1
22531 35379 1
22544 35379 1
23940 97244 1
24416 97244 1
24416 37225 1
24506 89508 1
24873 29901 1
25201 9191 2
25201 26612 1
25278 65667 1
25391 35379 1
25613 28062 1
26420 21112 1
26420 35379 1
26900 97244 1
27029 93526 1
27611 19811 1
27611 81606 1
27611 37114 2
27611 8092 1
28485 2040 1
28562 78285 1
28566 35379 1
28634 99676 1
28634 10214 1
30202 70358 1
31698 33042 1
31698 60246 1
31978 65914 1
32624 35379 1
32671 35379 2
33244 71929 1
33986 61070 1
34021 21112 1
34021 35379 1
34021 96292 1
34764 3821 1
34764 14829 1
34764 33653 1
35973 61070 1
36115 6554 1
36196 61070 1
36572 35379 1
37665 35379 1
38075 20070 1
38075 21112 1
38075 39265 1
38075 65914 1
38075 97244 4
38075 26634 1
38075 76747 1
38246 31061 1
38246 35379 2
38246 24124 1
38246 24191 1
38359 8010 1
38359 60604 1
38359 1809 1
38359 88821 1
38567 14081 1
38879 26634 1
38933 35379 1
39292 35379 1
39292 93633 1
39292 49489 1
39690 35379 1
39894 59808 1
40031 47597 2
40651 23239 1
40651 65667 1
40651 74097 1
40949 35379 1
40949 87381 1
40949 88612 1
42343 65667 1
42584 60127 1
42584 12804 1
42799 85679 1
42814 89508 1
42814 59527 1
42857 87719 1
42857 18290 1
42862 35379 1
43053 6554 1
43053 16786 1
43053 94384 1
43053 75822 1
43405 89508 1
43405 94384 1
43405 24124 1
43405 25263 1
43405 60246 1
43440 45326 1
43440 14081 1
43610 6554 1
44322 63756 1
44387 14081 1
44387 88612 2
44387 2094 1
44387 61070 5
44387 35867 1
44624 61070 2
44651 35379 1
44651 2094 1
44729 71929 1
45105 71929 1
45105 14081 1
45105 35223 1
45105 60654 1
45551 9501 1
45957 35379 1
47597 40031 2
48191 36419 1
48321 39265 1
48321 11691 1
48321 8343 1
48321 60654 1
48363 73507 1
48907 6554 1
48907 93123 1
49047 61070 1
49047 26344 1
49249 6554 1
49524 14081 1
49768 42906 1
50103 35379 3
50103 37114 2
50103 8328 1
50773 88612 1
51117 35379 1
51544 9501 1
51544 65914 1
51544 97244 1
51544 57787 1
52018 6554 1
53244 87102 1
53244 41884 1
53456 35379 1
54306 63756 1
54306 6554 2
54306 24124 1
54306 25263 1
54842 14829 1
57272 35379 1
57473 59527 1
58778 89621 1
58778 14081 1
59441 61070 1
59527 89508 1
60779 9501 1
60779 21112 1
60779 65914 1
60779 26612 1
60779 81606 1
62559 24191 1
62704 35379 4
62704 89508 1
62704 6554 1
62704 29836 1
62704 33042 1
63070 13959 1
64436 61070 1
65040 35379 2
65103 97244 1
65292 35379 1
65709 33611 1
65922 35379 2
65922 33042 1
66750 33042 1
66750 65667 1
68535 62891 1
68535 24416 1
68535 67973 1
69649 1802 1
70194 67452 1
70346 24124 1
70346 24191 1
70372 14081 1
70988 35379 1
71162 17687 1
71811 97244 1
71811 38075 1
71845 35379 1
71845 65914 1
71845 24416 1
71845 66142 1
75082 35379 1
75189 35379 1
75189 65914 1
75189 94803 2
75274 14829 1
76573 14829 1
76573 35491 1
77271 25061 1
78151 35491 1
78376 65914 1
78376 14081 1
78376 11139 1
78572 81805 1
78572 24124 1
78572 24191 1
78694 9501 1
78694 45326 1
78694 98891 1
78694 60930 1
78694 5212 1
80883 35379 1
82019 88612 1
82083 9501 1
82083 29745 1
82557 97244 2
82557 14081 1
82835 35379 1
83125 35379 1
83125 97244 1
84007 33611 1
84007 52680 1
84007 41658 1
84007 33757 1
84041 6554 1
84041 94384 1
84060 97244 1
84060 13019 1
84910 21112 1
84910 65914 1
84910 35223 1
84940 45326 2
85276 14829 1
85785 24191 1
87025 71929 1
87025 43481 1
87109 3821 1
87109 55813 1
87262 37114 1
87719 8328 1
88093 6554 1
88093 60127 1
88093 94691 1
88210 35379 1
88733 6554 1
88733 94384 1
88733 13127 1
88733 52666 1
88733 53561 1
88733 56599 1
89788 61070 1
90212 6554 1
90212 33042 1
90212 65667 1
90212 25263 1
90379 24191 1
90379 26634 1
91070 35379 2
91070 39265 1
91070 62891 1
91070 65914 1
91070 70358 1
91070 81805 1
91070 97244 1
91070 38075 1
91070 24124 1
91070 50929 1
91070 79793 1
91070 43481 1
91128 35379 1
91499 35379 2
91507 38075 1
91777 9501 1
91777 35379 1
91777 62891 1
91777 81805 1
91777 97244 1
91840 14051 1
91841 61070 1
92250 35379 1
92250 14081 1
92314 9501 1
93207 35379 1
93210 94384 1
93210 60127 1
93786 35379 1
93786 97244 1
93786 44516 1
94287 45326 1
94287 81805 1
94384 89508 2
94384 6554 3
94384 16786 3
94384 28566 1
94384 24124 1
94384 60127 1
94384 25263 1
94384 85305 1
94384 99986 1
94384 25061 1
94384 37611 1
94384 52666 3
94384 51900 2
94577 71929 1
94577 14081 1
94577 61070 1
94803 75189 1
94839 21112 1
94839 35379 1
94839 65914 1
94839 61070 1
95679 45326 1
95740 17014 2
95740 96292 1
95740 14081 1
95740 2094 2
95740 84052 1
96198 78285 1
96198 23585 1
96198 42906 1
96198 21168 1
96198 72212 1
96292 24191 1
96292 61070 1
96351 89508 1
96351 65667 2
96904 35379 2
97499 89508 1
97499 61070 1
97898 88612 1
97898 35223 1
