430 38075 -1
430 51921 1
430 59808 1
430 65667 3
504 15784 -2
504 57854 -1
504 62600 -1
504 64428 -1
650 11630 1
650 52018 1
650 61314 -1
650 98230 1
650 5406 1
650 9412 1
650 13127 1
650 16786 4
650 32002 1
650 42343 1
650 59527 2
650 89508 2
650 90212 1
650 94384 1
650 62600 2
650 65667 1
650 78285 3
650 60604 1
650 60127 2
650 63786 1
650 41248 1
650 94691 3
650 75650 1
650 85305 4
650 76123 1
650 48286 1
650 20174 1
650 20345 1
650 21793 1
650 23585 1
650 25263 1
650 32426 1
650 33042 1
650 35832 2
650 38585 2
650 40329 1
650 52666 1
650 60246 1
650 71316 1
962 43202 -4
962 26612 -3
962 43898 -1
962 68833 -2
962 69894 -2
962 79954 -1
962 81415 -1
1385 3777 -1
1385 21112 2
1385 35379 1
1385 38075 2
1385 65914 2
1385 68001 1
1385 71929 2
1385 92593 -2
1385 64428 1
1385 65667 -1
1385 89028 -2
1385 14081 1
1416 38075 1
1416 65914 1
1416 98891 1
1416 40031 1
1416 17283 -1
1416 61070 1
1416 60930 1
1968 35379 2
1968 38075 3
1968 52557 -2
1968 54278 -1
1968 95679 1
1968 96292 1
1968 5212 1
1968 78285 -1
1968 83439 -1
1968 29745 1
1968 38567 1
1968 26634 1
1968 95846 1
2336 15784 -1
2336 14081 1
2336 61070 1
2406 51921 1
2406 78572 -1
2406 65667 1
2406 47142 1
3217 3777 1
3217 38075 -1
3217 44651 -1
3217 59808 2
3217 74350 -1
3217 98230 1
3217 11331 -1
3217 65667 1
3217 78285 1
3217 73269 1
3217 8092 1
3654 7691 1
3654 8279 4
3654 10008 -1
3654 14051 -1
3654 14829 1
3654 16151 -2
3654 22254 -2
3654 24418 1
3654 37307 1
3654 38075 -4
3654 51921 1
3654 63756 1
3654 85464 1
3654 90052 1
3654 94161 1
3654 95845 1
3654 15784 1
3654 40827 1
3654 50929 -1
3654 59527 -1
3654 79725 -1
3654 86558 1
3654 62600 1
3654 26612 -1
3654 65667 7
3654 83439 1
3654 2179 -1
3654 8343 -1
3654 14081 -1
3654 97244 -1
3654 38885 1
3654 63469 1
3654 97739 1
3654 49899 1
3654 47142 1
3654 23537 1
3654 43341 1
3654 39392 1
3654 23722 1
3654 26114 1
3654 94488 1
3777 6099 1
3777 8279 1
3777 24416 -2
3777 38075 -11
3777 40491 1
3777 43531 -3
3777 49768 1
3777 51921 1
3777 59808 1
3777 61154 -3
3777 74350 -1
3777 80452 1
3777 85464 2
3777 95679 -1
3777 98230 3
3777 98992 1
3777 53228 1
3777 57854 -1
3777 62600 2
3777 65667 6
3777 78285 1
3777 5168 -1
3777 18720 -1
3777 52438 -1
3777 53557 -3
3777 61070 -1
3777 86421 -3
3777 73269 1
3777 52660 1
3777 37002 1
3777 43341 1
4054 1968 1
4054 3777 -2
4054 5400 1
4054 6716 2
4054 9501 2
4054 10008 1
4054 10439 2
4054 14051 1
4054 14829 -1
4054 15583 1
4054 16151 2
4054 20070 5
4054 21112 1
4054 23396 -1
4054 24416 3
4054 24572 1
4054 25347 1
4054 27029 1
4054 31061 1
4054 35379 5
4054 38075 21
4054 39265 6
4054 41493 1
4054 43531 7
4054 44259 1
4054 44651 11
4054 45326 4
4054 51147 -1
4054 51921 -8
4054 52682 1
4054 59596 1
4054 59808 -3
4054 62891 3
4054 63738 1
4054 65914 8
4054 68001 1
4054 69667 1
4054 71929 2
4054 74350 3
4054 80452 -2
4054 81805 2
4054 82849 2
4054 88339 2
4054 89621 1
4054 90052 -1
4054 92593 -3
4054 95679 2
4054 98891 4
4054 5212 1
4054 6091 2
4054 8010 2
4054 16367 1
4054 31508 1
4054 33247 1
4054 43440 2
4054 50929 2
4054 69280 1
4054 77332 1
4054 90125 1
4054 91093 1
4054 26612 4
4054 65667 -4
4054 78285 -2
4054 83439 -2
4054 2179 3
4054 8343 1
4054 14081 8
4054 97244 1
4054 53557 1
4054 61070 2
4054 86421 1
4054 982 -1
4054 15867 -1
4054 60604 -1
4054 84159 -4
4054 91343 -1
4054 98279 -1
4054 2094 1
4054 17792 1
4054 48837 1
4054 1251 1
4054 71584 1
4054 54706 1
4054 30204 1
4054 43995 1
4054 59540 1
4054 65968 1
4054 91636 1
4054 94377 1
4054 77455 1
4054 88632 1
4054 95846 1
4054 11804 1
4054 11951 1
4054 12426 1
4054 37611 1
4237 35379 1
4237 11331 -1
4237 91629 -1
4388 2094 -1
4642 3777 -1
4642 38075 4
4642 62891 1
4642 61070 4
4642 26634 1
4677 16151 1
4677 20070 2
4677 38075 2
4677 43531 1
4677 65914 1
4677 71929 1
4677 8343 1
4677 73269 -1
4677 87102 1
5279 35379 1
5279 11331 -1
5279 15784 -1
5400 31443 -1
5400 39265 1
5400 59808 -1
5400 65914 2
5400 68001 1
5400 26612 1
5400 59540 1
5887 11630 -1
5887 37225 -1
6099 3777 3
6099 5400 -3
6099 7691 1
6099 8279 1
6099 10008 -2
6099 13019 -2
6099 14051 -2
6099 14529 1
6099 14829 3
6099 16151 -1
6099 21112 -1
6099 23396 1
6099 24416 -1
6099 24418 1
6099 31061 -2
6099 31443 3
6099 34764 1
6099 34905 2
6099 37307 2
6099 38075 -13
6099 39265 -1
6099 43531 -3
6099 44651 -3
6099 45326 -2
6099 45957 -1
6099 51502 1
6099 51921 2
6099 53623 1
6099 54278 1
6099 57491 2
6099 59808 2
6099 63756 2
6099 65914 -2
6099 71929 -1
6099 73099 1
6099 74350 -2
6099 79421 1
6099 80452 2
6099 81805 -1
6099 82849 -1
6099 82864 1
6099 85464 11
6099 87191 -1
6099 90052 2
6099 92593 1
6099 95165 4
6099 95679 -3
6099 96292 -2
6099 98230 2
6099 98891 -1
6099 98992 4
6099 5212 -2
6099 9412 4
6099 15784 1
6099 33247 -1
6099 40031 1
6099 43440 -1
6099 50929 -2
6099 89508 2
6099 62600 4
6099 64428 -1
6099 26612 -3
6099 65667 28
6099 17283 2
6099 78285 3
6099 83439 4
6099 14081 -7
6099 97244 -1
6099 18720 -2
6099 84159 3
6099 2094 -3
6099 73269 2
6099 16164 -1
6099 17792 -1
6099 19020 -1
6099 41884 -1
6099 42523 -1
6099 48837 -1
6099 49489 -1
6099 60930 -2
6099 82273 -1
6099 87102 -1
6099 38885 6
6099 33611 1
6099 63469 2
6099 91307 2
6099 67452 1
6099 47142 2
6099 53210 1
6099 39392 1
6099 72970 1
6099 12603 1
6099 44062 1
6099 58291 1
6099 72212 1
6099 76496 1
6099 93066 1
6716 9501 1
6716 21112 1
6716 25347 1
6716 31443 -2
6716 38075 2
6716 39265 1
6716 41493 1
6716 43531 1
6716 59808 -2
6716 62891 1
6716 80452 -1
6716 81805 1
6716 82849 1
6716 96292 1
6716 65667 -1
6716 14081 1
6716 61070 1
6716 41514 -2
6716 53670 1
7214 98279 -1
7482 16786 1
7482 57854 -2
7691 34905 1
7691 38075 -1
7691 43531 -1
7691 51147 1
7691 51921 1
7691 85464 2
7691 86558 1
7691 65667 6
7691 78285 4
7691 14081 -2
7691 48837 -1
7691 38885 1
7691 47142 1
7691 55131 1
8279 20070 -1
8279 23396 3
8279 31443 1
8279 37307 1
8279 38075 -3
8279 51921 2
8279 59808 1
8279 81805 -1
8279 85464 1
8279 15784 1
8279 65667 8
8279 14081 -2
8279 73269 1
8279 60930 -1
8279 34123 -1
8279 97739 1
8279 47142 2
8279 53210 1
8279 23722 1
8279 26276 1
8909 11630 1
8909 14529 1
8909 36991 1
8909 98230 1
8909 5406 1
8909 6554 1
8909 16786 2
8909 40827 1
8909 59527 2
8909 89508 2
8909 94384 1
8909 62600 1
8909 65667 3
8909 78285 1
8909 14081 -1
8909 60604 1
8909 73269 1
8909 60930 -1
8909 33611 1
8909 60127 1
8909 94691 1
8909 85305 1
8909 20174 1
8909 20345 1
8909 33042 1
8909 52666 2
8909 71316 1
8909 37611 1
8909 1802 1
8909 12804 1
8909 22402 1
8909 25061 1
8909 58243 1
8909 73367 1
8909 88560 1
8909 99087 1
8941 11630 -1
8993 43898 -1
9368 13019 -1
9368 20070 -2
9368 22254 -1
9368 24416 -1
9368 40491 1
9368 44259 -1
9368 44651 -4
9368 49768 1
9368 51502 1
9368 65914 -1
9368 73037 -1
9368 74350 -1
9368 6091 -1
9368 50929 -1
9368 79725 -1
9368 26612 -2
9368 65667 1
9368 14081 -1
9368 61070 -1
9368 982 1
9368 81005 -3
9368 63469 1
9425 3777 -1
9425 7482 -1
9425 9501 1
9425 16151 2
9425 67907 -1
9425 73037 1
9425 99976 1
9425 83439 -1
9425 61070 1
9425 98279 -2
9425 17511 -1
9425 63378 -2
9425 72927 -2
9425 81273 -1
9425 16762 1
9490 14051 1
9490 14529 -1
9490 20070 1
9490 21112 1
9490 22254 1
9490 31443 -3
9490 43440 1
9490 51117 1
9490 42906 -1
9490 84052 1
9490 49143 1
9490 55876 1
9490 25392 1
9490 67808 1
9490 72727 1
9490 93526 1
9501 6716 1
9501 38075 3
9501 81805 3
9501 90052 -1
9501 14081 1
9501 28295 -1
9501 62076 1
10008 21112 1
10008 39265 1
10008 44651 1
10008 90052 -1
10008 62600 -1
10008 65667 -2
10439 38075 1
10439 78285 -1
11069 38075 -1
11069 51921 2
11069 59808 1
11069 98891 -1
11069 12009 1
11069 15784 1
11069 65667 1
11069 78285 1
11277 59808 1
11277 65914 -1
11277 93633 1
11277 65667 2
11277 14081 -1
11277 91343 1
11277 38885 1
11604 93633 -1
11630 7482 2
11630 35379 1
11630 51921 1
11630 61314 -1
11630 67149 1
11630 85464 9
11630 94055 1
11630 9412 3
11630 16786 8
11630 32002 1
11630 32711 1
11630 57854 -1
11630 59527 2
11630 89508 14
11630 90212 1
11630 93633 4
11630 95642 3
11630 62600 1
11630 65667 9
11630 78285 3
11630 60604 1
11630 98279 -2
11630 73269 2
11630 72927 2
11630 28295 1
11630 33611 1
11630 63469 2
11630 52660 1
11630 94691 1
11630 48286 1
11630 38585 1
11630 52666 1
11630 25061 2
11630 728 1
11630 4810 2
11630 29538 1
11630 35223 1
11630 48297 1
11630 71030 1
11630 88361 1
11810 11630 -1
11810 35379 1
11810 54278 1
11810 15784 -2
11810 20162 -1
11810 43202 -1
11810 62600 -1
11810 65667 1
11810 60604 1
11810 72927 -1
11810 13956 -1
12509 38075 1
12509 73269 -1
12549 24416 2
12549 35379 1
12549 44651 2
12549 61154 1
12549 98992 -1
12549 97244 1
12549 61070 1
12549 12426 1
13019 5400 1
13019 44651 1
13019 65914 1
13019 80452 -1
13019 50929 1
13019 26612 1
13019 65667 -1
13668 38075 4
13668 96292 1
13668 78285 -4
13668 83439 -1
13668 8343 1
13668 52438 1
13668 38885 -1
13668 62076 1
13668 47207 1
13668 11101 1
13668 75506 1
13785 3777 1
13785 6099 1
13785 14529 1
13785 22254 -2
13785 24416 -2
13785 24418 1
13785 31061 -1
13785 31443 1
13785 37307 1
13785 37635 -1
13785 38075 -3
13785 40491 1
13785 42390 1
13785 43531 -5
13785 44651 -1
13785 49768 1
13785 51147 1
13785 51921 1
13785 52682 -1
13785 53623 1
13785 61154 -1
13785 63756 1
13785 65914 -1
13785 71929 -2
13785 74350 -2
13785 78094 -1
13785 79421 1
13785 85464 4
13785 90052 1
13785 91408 -1
13785 95679 -1
13785 98230 1
13785 98992 1
13785 56309 1
13785 77700 1
13785 62600 2
13785 26612 -2
13785 69894 -1
13785 65667 4
13785 17283 3
13785 14081 -1
13785 73269 1
13785 1232 -1
13785 48572 -1
13785 92015 -1
13785 63469 3
13785 49899 1
13785 47142 1
13785 53210 1
13785 39392 2
13785 29261 1
13785 23722 1
13785 26114 1
13785 72212 1
14051 4054 1
14051 10439 1
14051 12549 1
14051 13019 2
14051 14829 -1
14051 16151 1
14051 20070 3
14051 21112 1
14051 22254 1
14051 24416 1
14051 25347 1
14051 27029 1
14051 31061 1
14051 31443 -3
14051 35379 6
14051 37635 1
14051 38075 5
14051 39265 3
14051 42390 -1
14051 43299 1
14051 44259 1
14051 44651 3
14051 45326 2
14051 45957 1
14051 52682 1
14051 59808 -1
14051 61154 3
14051 62891 1
14051 65914 4
14051 70358 2
14051 71929 3
14051 74350 4
14051 82849 1
14051 84910 1
14051 90052 -2
14051 98992 -1
14051 5212 1
14051 6091 1
14051 8010 1
14051 9825 1
14051 31508 2
14051 33247 1
14051 43440 1
14051 47536 1
14051 48363 1
14051 50929 4
14051 56309 -1
14051 59527 1
14051 69280 1
14051 77700 -2
14051 79725 1
14051 87025 1
14051 90125 1
14051 91070 1
14051 97898 1
14051 99976 1
14051 64428 1
14051 26612 2
14051 65667 -1
14051 2179 1
14051 8343 2
14051 14081 6
14051 97244 3
14051 52438 1
14051 61070 2
14051 19020 1
14051 81005 1
14051 92015 1
14051 33611 -1
14051 63469 -1
14051 97739 -1
14051 71584 1
14051 29836 1
14051 59540 1
14051 91636 2
14051 95872 1
14051 12426 1
14051 35223 1
14051 6600 1
14051 17014 1
14051 29747 1
14051 43168 1
14051 43481 1
14051 53178 1
14051 55042 1
14051 66845 1
14051 73762 1
14051 74800 1
14051 79823 1
14300 2406 -2
14300 11630 -1
14300 20070 2
14300 51921 -1
14300 52660 -1
14529 97244 -1
14759 92593 1
14759 15784 1
14759 38885 1
14759 24191 -2
14829 20070 -1
14829 38075 -2
14829 51502 1
14829 65914 -1
14829 71929 -1
14829 95679 -1
14829 12009 1
14829 65667 2
14829 5168 -2
14829 42906 2
14829 63469 1
14829 29745 -1
14829 39392 1
14829 26276 1
14829 64198 1
15156 24418 2
15156 59808 1
15156 67149 1
15156 94055 1
15156 9412 2
15156 93633 1
15156 62600 1
15156 65667 2
15156 73269 1
15156 60930 -1
15156 63469 1
15156 52680 1
15156 23844 1
15156 38060 1
15581 8279 1
15581 16151 -1
15581 20070 -1
15581 38075 -2
15581 51921 1
15581 65914 -1
15581 74350 -1
15581 50929 -1
15581 65667 1
15581 8343 -1
15581 52438 -1
15581 87102 -1
15581 84052 -1
15583 3777 -1
15583 20070 1
15583 35379 2
15583 38075 1
15583 44651 1
15583 71929 2
15583 62600 -1
15583 65667 -1
15583 61070 3
15583 2094 1
15583 29745 1
15583 55042 1
16151 71929 1
16151 98891 1
16151 50929 1
16151 62351 -2
17889 1968 1
17889 16151 1
17889 31443 -1
17889 35379 1
17889 38075 1
17889 92593 -1
17889 15784 -1
17889 27727 1
17889 26612 1
17889 8343 1
17889 34882 1
18004 38075 1
18004 65914 1
18004 56309 -1
18004 59527 1
18004 14081 1
18004 97244 1
18004 34707 -1
18004 71584 1
18004 4821 1
18424 34905 1
18424 51921 1
18424 81805 -1
19179 33653 1
19179 38075 -3
19179 51921 2
19179 65667 3
19268 5400 -1
19268 14051 -1
19268 14829 4
19268 16151 -2
19268 21112 -1
19268 24416 -1
19268 31443 1
19268 34905 1
19268 38075 -2
19268 39196 -1
19268 42390 1
19268 44259 -1
19268 51921 4
19268 53623 1
19268 61154 -1
19268 63756 2
19268 65914 -4
19268 70358 -1
19268 71929 -1
19268 74350 -1
19268 87191 -1
19268 94161 1
19268 98992 1
19268 5212 -1
19268 5406 -1
19268 30494 -1
19268 50929 -2
19268 59527 -2
19268 76558 1
19268 26612 -1
19268 65667 3
19268 14081 -1
19268 97244 -1
19268 5168 -1
19268 982 1
19268 2094 -1
19268 73269 3
19268 81005 -2
19268 29745 -1
19268 1251 -1
19268 2419 -1
19268 5085 -2
19268 5560 -1
19268 60279 -1
19268 71584 -1
19268 67452 1
19268 29261 1
19268 72212 1
19268 26276 1
19410 20070 1
19410 25347 1
19410 90052 -1
19410 50929 1
19410 26612 1
19410 8343 1
19410 52438 1
19410 91636 1
19895 9412 -1
19895 51801 -1
20070 39265 1
20070 44651 1
20070 59808 -1
20070 43440 1
20070 64428 1
20070 14081 2
20070 2094 1
20070 91307 -1
20412 20070 1
20412 35379 1
20412 38075 1
20412 39265 1
20412 65914 1
20412 71929 1
20412 14081 1
20412 84159 -1
20412 2094 1
20585 65667 2
20585 98279 -1
21096 33800 1
21096 51921 -1
21096 95061 2
21096 62600 1
21096 26612 1
21096 69894 1
21096 98279 -1
21096 57787 -2
21096 79852 1
21096 74097 1
21112 35379 2
21112 38075 1
21112 53228 -1
21112 91629 -1
21112 65667 -1
21112 66477 -1
21112 75829 -1
21112 10963 1
21523 10439 1
21523 14829 -1
21523 20070 3
21523 21112 1
21523 23396 -2
21523 25347 1
21523 31061 1
21523 31443 -2
21523 35379 5
21523 38075 6
21523 39265 1
21523 42390 -1
21523 43531 1
21523 45326 1
21523 62891 1
21523 65914 3
21523 68001 1
21523 70358 1
21523 71929 1
21523 80452 -3
21523 81805 1
21523 85464 -2
21523 96292 2
21523 5212 1
21523 31508 1
21523 40949 1
21523 50929 3
21523 69280 1
21523 91070 1
21523 65667 -2
21523 2179 1
21523 14081 3
21523 97244 2
21523 61070 2
21523 84159 -1
21523 2094 2
21523 73269 -1
21523 49899 -2
21523 91636 2
21523 88632 1
21523 12426 1
21523 58442 1
22254 3777 -2
22254 5400 1
22254 9501 1
22254 14051 1
22254 15583 1
22254 16151 1
22254 20070 4
22254 21112 2
22254 24416 2
22254 25347 1
22254 27029 1
22254 31443 -1
22254 35379 2
22254 36614 1
22254 38075 4
22254 39265 5
22254 43531 5
22254 44259 1
22254 44651 5
22254 45326 6
22254 51921 -3
22254 61314 1
22254 70358 1
22254 71929 4
22254 74350 1
22254 82849 1
22254 84910 1
22254 85464 -6
22254 90052 -2
22254 98891 1
22254 98992 -1
22254 5212 1
22254 6091 1
22254 8010 2
22254 12009 -1
22254 15784 -3
22254 25613 1
22254 30494 1
22254 31508 1
22254 43202 1
22254 43440 2
22254 50929 1
22254 59527 1
22254 69280 1
22254 77332 1
22254 86558 -1
22254 91093 1
22254 26612 5
22254 65667 -3
22254 8343 1
22254 14081 4
22254 52438 1
22254 61070 2
22254 2094 3
22254 73269 -1
22254 17792 1
22254 49489 1
22254 38885 -1
22254 48572 1
22254 29745 1
22254 67452 -1
22254 8766 2
22254 59540 1
22254 94377 1
22254 87646 1
22254 48286 1
22254 35223 1
22254 20606 1
22254 38697 1
22254 82019 1
22900 35379 1
22900 80452 -1
23285 59808 1
23285 65667 2
23285 97244 -1
23381 8279 -1
23381 9501 2
23381 10008 1
23381 11630 -1
23381 14051 1
23381 14829 -1
23381 16151 2
23381 20070 7
23381 21112 2
23381 22254 1
23381 23396 -1
23381 24416 2
23381 25347 3
23381 27029 1
23381 31061 3
23381 31443 -1
23381 35379 3
23381 38075 11
23381 39265 6
23381 40491 -1
23381 41493 1
23381 42390 -1
23381 43531 4
23381 45326 1
23381 45957 1
23381 51921 -4
23381 52682 1
23381 59808 -1
23381 61154 1
23381 62891 2
23381 65914 5
23381 68001 1
23381 70344 -1
23381 71929 7
23381 73037 1
23381 74350 3
23381 79421 -1
23381 80452 -1
23381 81805 1
23381 82849 1
23381 85464 -1
23381 90052 -2
23381 92593 -2
23381 95679 1
23381 96292 3
23381 98891 3
23381 98992 -2
23381 5212 1
23381 5406 1
23381 6091 1
23381 8010 2
23381 9412 -1
23381 30494 1
23381 31508 1
23381 43440 4
23381 46223 1
23381 50929 7
23381 59527 2
23381 69280 2
23381 77332 1
23381 87025 1
23381 91093 1
23381 62600 -3
23381 26612 2
23381 65667 -7
23381 17283 -1
23381 78285 -1
23381 83439 -1
23381 2179 1
23381 8343 2
23381 14081 6
23381 61070 1
23381 982 -1
23381 60604 -2
23381 84159 -1
23381 2094 5
23381 48837 4
23381 87102 2
23381 38885 -2
23381 48572 1
23381 92015 1
23381 33611 -1
23381 63469 -2
23381 97739 -1
23381 47142 -1
23381 52170 -1
23381 52680 -1
23381 60127 -1
23381 11691 1
23381 54706 1
23381 19391 1
23381 37142 1
23381 43995 1
23381 59540 1
23381 62905 1
23381 91636 1
23381 62076 1
23381 48550 1
23381 28873 1
23381 29747 1
23381 43481 1
23381 73762 1
23381 48410 1
23381 79793 1
23381 91977 1
23381 97386 1
23396 8279 2
23396 33653 1
23396 38075 -1
23396 96292 -2
23396 65667 1
23396 78285 1
23396 83439 1
23396 14081 -1
23396 88784 -1
23396 78933 1
24416 3777 -1
24416 38075 2
24416 43531 1
24416 62891 1
24416 95679 1
24416 5212 1
24416 14081 2
24416 94377 1
24416 11804 1
24418 31443 2
24418 34764 1
24418 35379 1
24418 44651 -1
24418 57491 1
24418 80452 1
24418 90052 1
24418 95165 1
24418 9412 1
24418 15784 3
24418 89508 2
24418 93633 1
24418 62600 2
24418 26612 1
24418 65667 10
24418 73269 1
24418 33611 1
24418 63469 1
24418 29836 -1
24418 38567 -1
24418 7840 1
24418 17468 1
24572 35379 1
24572 11331 -1
24873 31443 1
24873 65914 -1
24873 71929 -1
24873 63469 1
24873 84052 -1
24937 9501 1
24937 20070 1
24937 25347 1
24937 35379 2
24937 38075 3
24937 39265 1
24937 43531 1
24937 62891 2
24937 65914 2
24937 68001 1
24937 15784 -1
24937 14081 1
25147 3777 -2
25278 11305 -2
25278 28156 -2
25278 50489 -3
25278 85245 3
25278 74097 1
25342 60604 -1
25347 5400 1
25347 9501 1
25347 16151 1
25347 20070 2
25347 21112 1
25347 27029 1
25347 31443 -1
25347 38075 6
25347 39265 2
25347 43531 2
25347 44651 1
25347 45326 1
25347 52682 1
25347 62891 1
25347 65914 2
25347 70358 1
25347 71929 2
25347 81805 1
25347 82849 2
25347 98891 4
25347 8010 1
25347 15784 -1
25347 50929 1
25347 26612 1
25347 14081 2
25347 98279 -1
25347 2094 1
25472 25347 1
25472 31443 -1
25472 35379 1
25472 8343 1
25497 33653 1
25497 14081 -1
25497 41884 -1
25508 63312 -1
25508 63786 -1
26362 53557 -1
26362 5262 -1
26362 18423 -1
26362 49208 -1
26848 85464 1
26848 92593 -1
26848 5406 -1
26848 65667 2
26848 8343 -1
26848 61070 -1
26848 60930 -1
26848 21018 -1
26848 56488 -1
26848 75125 -1
26848 29261 1
26848 85679 1
26900 65667 -1
26900 60930 -1
27029 20070 2
27029 22254 1
27029 24416 1
27029 38075 5
27029 43531 1
27029 45326 1
27029 62891 2
27029 71929 1
27029 74350 1
27029 92593 -1
27029 96292 1
27029 6091 1
27029 8010 1
27029 43440 1
27029 50929 1
27029 26612 1
27029 14081 1
27029 59540 1
27323 5400 1
27323 10439 1
27323 16151 1
27323 20070 2
27323 21112 1
27323 22254 1
27323 24416 1
27323 25347 1
27323 35379 1
27323 38075 3
27323 39265 2
27323 43531 1
27323 44259 1
27323 44651 1
27323 45326 2
27323 59808 -1
27323 65914 1
27323 71929 2
27323 74350 1
27323 88339 1
27323 90052 -1
27323 98891 1
27323 8010 1
27323 43440 1
27323 50929 3
27323 69280 1
27323 78572 1
27323 2179 1
27323 8343 1
27323 14081 2
27323 2094 2
27323 81518 1
27323 48550 1
27323 59129 1
27323 12426 1
27323 34821 1
27516 3777 1
27516 7691 1
27516 10439 -1
27516 20070 -1
27516 34905 1
27516 37307 1
27516 38075 -3
27516 43531 -1
27516 51921 3
27516 54278 1
27516 57216 2
27516 59808 1
27516 63756 1
27516 71929 -1
27516 74350 -1
27516 78094 -1
27516 79421 1
27516 85464 1
27516 94161 1
27516 48321 -1
27516 62600 2
27516 26612 -1
27516 65667 8
27516 78285 5
27516 14081 -2
27516 52438 -1
27516 982 1
27516 15867 1
27516 48837 -1
27516 52660 1
27516 29261 1
27516 28139 1
27516 26276 1
27516 23844 1
27516 25701 1
27611 24191 -1
27611 57787 5
27611 42921 2
27611 40131 1
27611 83453 1
27611 89511 1
27611 90482 1
30100 8993 1
30100 19895 1
30100 35379 1
30100 38075 -1
30100 5406 -1
30100 20162 -2
30100 43053 -1
30100 61070 2
30100 60127 -2
30100 41248 -2
30100 86924 -1
30100 94691 -2
30100 13427 2
30100 646 1
30100 93177 1
30143 44651 -1
30143 74350 -1
30143 65667 1
30489 14829 1
30489 21112 -1
30489 38075 -2
30489 65667 2
30489 17792 -1
31061 20070 1
31061 31443 -1
31061 39196 1
31061 39265 1
31061 43531 1
31061 65914 1
31061 74350 1
31061 95679 1
31061 50929 1
31061 64428 1
31061 14081 1
31061 5560 1
31061 38567 1
31190 3777 -2
31190 8279 -1
31190 9501 1
31190 25347 1
31190 38075 6
31190 39265 1
31190 42390 -1
31190 43531 2
31190 80452 -1
31190 85464 -1
31190 96292 1
31190 53228 -1
31190 65667 -4
31190 14081 1
31190 61070 1
31190 28295 -1
31190 38885 -1
31190 47142 -1
31190 30204 1
31190 92822 1
31401 71929 -1
31443 6716 -1
31443 14051 -2
31443 14529 2
31443 14829 1
31443 20070 -1
31443 21112 -2
31443 24416 -1
31443 24418 1
31443 31061 -3
31443 34764 1
31443 35379 -1
31443 39265 -1
31443 44651 -3
31443 47603 -1
31443 51921 2
31443 61154 -11
31443 63738 -1
31443 63756 1
31443 65914 -1
31443 70358 -1
31443 71832 1
31443 71929 -1
31443 73099 1
31443 74350 -2
31443 90052 3
31443 95165 3
31443 95679 -1
31443 98891 -1
31443 740 -1
31443 11331 -1
31443 17446 -1
31443 40827 1
31443 43440 -1
31443 50929 -3
31443 76558 2
31443 77700 2
31443 93633 1
31443 65667 9
31443 14081 -2
31443 97244 -1
31443 52438 -3
31443 982 1
31443 84159 1
31443 41514 2
31443 33611 1
31443 63469 3
31443 60279 -2
31443 71584 -1
31443 91307 2
31443 9191 -1
31443 11691 -1
31443 14248 -1
31443 25700 -1
31443 26053 -1
31443 28540 -2
31443 45664 -1
31443 49143 -1
31443 55876 -2
31443 77775 -2
31443 78910 -1
31443 43341 4
31443 39392 2
31443 72970 1
31443 23844 1
31443 26144 2
31443 97693 1
32836 1968 -1
32836 3777 2
32836 6716 -1
32836 8279 4
32836 12509 -1
32836 18424 1
32836 20070 -4
32836 21112 -1
32836 23396 1
32836 31061 -1
32836 34905 1
32836 37307 1
32836 38075 -13
32836 40491 1
32836 43531 -6
32836 49768 1
32836 51147 1
32836 51921 3
32836 52682 -1
32836 59808 3
32836 64213 1
32836 65914 -3
32836 70194 1
32836 71929 -3
32836 74350 -3
32836 79421 1
32836 81805 -1
32836 85464 4
32836 92593 2
32836 94055 1
32836 94161 1
32836 98230 1
32836 12009 1
32836 57854 -1
32836 86558 1
32836 87342 -1
32836 65667 7
32836 78285 2
32836 83439 1
32836 14081 -2
32836 52438 -1
32836 61070 -1
32836 73269 1
32836 48572 -1
32836 52660 1
32836 29745 -1
32836 5560 -1
32836 47142 2
32836 21974 -1
32836 54706 -1
32836 79648 -1
32836 97977 -1
32836 92472 1
32836 29261 1
32836 28139 1
32836 79551 1
32836 23844 1
32836 76732 1
32836 78718 1
32836 97345 1
32979 81805 1
32979 98992 -1
33435 5400 1
33435 9368 -1
33435 10008 1
33435 10439 1
33435 14051 2
33435 16151 1
33435 20070 1
33435 21112 2
33435 24416 1
33435 25347 2
33435 27029 1
33435 31061 1
33435 31443 -1
33435 35379 3
33435 38075 6
33435 39265 2
33435 41493 1
33435 43299 1
33435 43531 1
33435 44259 1
33435 45326 1
33435 51502 -1
33435 51921 -1
33435 52682 1
33435 59808 -2
33435 62891 1
33435 65914 3
33435 71929 1
33435 74350 1
33435 82849 1
33435 85464 -1
33435 91777 1
33435 98992 -1
33435 5212 1
33435 11331 1
33435 13198 1
33435 31508 1
33435 50929 3
33435 59527 1
33435 26612 1
33435 65667 -2
33435 2179 2
33435 14081 1
33435 61070 1
33435 2094 1
33435 17792 1
33435 81005 1
33435 63312 1
33435 21974 1
33435 20314 1
33435 91636 2
33435 26634 1
33435 33042 1
33435 95872 1
33435 12426 1
33435 43481 1
33435 55042 1
33435 79793 1
33435 91977 1
33435 42892 1
33435 81361 1
33435 82621 1
33435 86118 1
33491 3777 2
33491 5400 -1
33491 6099 1
33491 8279 2
33491 11630 1
33491 20070 -1
33491 31443 1
33491 36614 -1
33491 38075 -3
33491 44259 -1
33491 51921 1
33491 59808 1
33491 63738 -1
33491 73099 1
33491 74350 -2
33491 85464 2
33491 9412 1
33491 57854 -1
33491 96768 -1
33491 65667 4
33491 73269 1
33491 52660 1
33491 5103 -1
33491 56476 -1
33491 59773 -1
33491 39392 1
33491 8092 1
33491 38060 1
33491 21168 1
33653 6716 -1
33653 20070 -1
33653 23396 1
33653 38075 -4
33653 44651 -2
33653 51921 3
33653 59808 2
33653 63738 -1
33653 85464 1
33653 92593 1
33653 43440 -1
33653 50929 -1
33653 65667 2
33653 78285 1
33653 14081 -2
33653 2094 -1
33653 47142 1
33653 38567 -1
33653 26276 1
33653 46374 1
33800 79852 -1
33800 72212 1
34098 9191 -2
34098 22543 -1
34098 25657 -1
34764 3777 2
34764 14829 1
34764 24418 1
34764 31443 1
34764 33653 2
34764 38075 -1
34764 44651 -1
34764 51921 1
34764 95165 1
34764 50929 -1
34764 65667 3
34764 14081 -1
34764 39392 1
34905 3777 2
34905 5400 -6
34905 6099 1
34905 7691 2
34905 8279 4
34905 9368 1
34905 10439 -1
34905 12549 -1
34905 13019 -2
34905 14051 -1
34905 18424 1
34905 20070 -3
34905 21112 -1
34905 22254 -3
34905 23396 2
34905 24416 -1
34905 30143 1
34905 31061 -3
34905 31190 -2
34905 36614 -2
34905 37307 1
34905 38075 -12
34905 39265 -2
34905 40491 5
34905 41493 -1
34905 42390 4
34905 43531 -4
34905 44259 -2
34905 44651 -3
34905 45957 -1
34905 49768 2
34905 51147 2
34905 51502 5
34905 51921 4
34905 52665 -1
34905 52682 -3
34905 53623 2
34905 61154 -3
34905 62891 -2
34905 63738 -2
34905 63756 6
34905 64213 2
34905 65914 -15
34905 68001 -1
34905 70344 1
34905 71929 -1
34905 73037 -2
34905 73099 1
34905 74350 -5
34905 78094 -1
34905 79421 4
34905 80452 2
34905 81805 -2
34905 85464 7
34905 87191 -2
34905 91408 -1
34905 92593 2
34905 95679 -2
34905 95845 2
34905 96292 -3
34905 98230 3
34905 98992 1
34905 3149 -1
34905 4060 -1
34905 5212 -1
34905 5406 -1
34905 5807 -1
34905 33247 -1
34905 41376 -1
34905 44097 -1
34905 46223 -1
34905 47536 -1
34905 50929 -5
34905 53228 1
34905 57854 -6
34905 59527 -4
34905 78572 -1
34905 86558 1
34905 26612 -4
34905 65667 12
34905 78285 2
34905 2179 -1
34905 8343 -2
34905 14081 -3
34905 97244 -4
34905 18720 -1
34905 52438 -2
34905 61070 -2
34905 982 5
34905 84159 1
34905 73269 3
34905 17792 -1
34905 48837 -1
34905 60930 -1
34905 42906 1
34905 38885 1
34905 92015 -1
34905 33611 1
34905 63469 1
34905 29745 -1
34905 84052 -1
34905 1251 -1
34905 5560 -2
34905 67452 1
34905 47142 4
34905 88784 -1
34905 14248 -2
34905 54706 -3
34905 8766 -1
34905 9856 -1
34905 19391 -2
34905 20284 -3
34905 20314 -1
34905 27429 -1
34905 30204 -11
34905 30656 -1
34905 31239 -1
34905 37142 -1
34905 43995 -2
34905 48568 -1
34905 56982 -1
34905 59540 -2
34905 62905 -1
34905 65968 -1
34905 80526 -1
34905 85541 -1
34905 91636 -1
34905 94377 -4
34905 97431 -1
34905 32857 1
34905 53210 1
34905 39392 1
34905 72970 1
34905 29261 1
34905 20326 1
34905 28139 1
34905 53392 1
34905 62417 1
34905 82990 1
34905 94760 1
35160 8279 1
35160 20070 -1
35379 21112 1
35379 38075 1
35379 80452 -1
35379 59527 1
35379 69280 1
35379 93633 1
35379 8343 1
35379 61070 1
35379 60246 1
35379 25061 1
35539 8279 2
35539 24418 1
35539 65914 -1
35539 85464 1
35539 94161 1
35539 15784 2
35539 65667 6
35539 97244 -1
35539 81273 1
35539 7840 1
35539 7662 1
36614 3777 -1
36614 24416 1
36614 35379 1
36614 38075 2
36614 43531 1
36614 74350 1
36614 50929 1
36614 59527 1
36614 14081 1
36614 52438 1
36614 61070 3
36614 26009 -1
36991 21112 1
36991 25347 1
36991 35379 1
36991 38075 2
36991 39265 1
36991 43531 1
36991 51921 -1
36991 71929 1
36991 79421 -1
36991 81805 1
36991 82849 1
36991 59527 1
36991 14081 1
36991 52438 1
36991 61070 1
36991 43481 1
36991 70267 1
37307 8279 1
37307 14051 -1
37307 14829 1
37307 16151 -1
37307 20070 -1
37307 21112 -2
37307 22254 -1
37307 31061 -1
37307 31443 1
37307 38075 -6
37307 43531 -1
37307 44651 -1
37307 49768 1
37307 51502 1
37307 51921 1
37307 59808 2
37307 63756 1
37307 65643 1
37307 65914 -2
37307 70358 -1
37307 71929 -1
37307 74350 -1
37307 81805 -2
37307 82849 -1
37307 85464 1
37307 87191 -1
37307 90052 1
37307 94161 1
37307 95679 -1
37307 98230 1
37307 5212 -1
37307 40827 1
37307 50929 -1
37307 57854 -1
37307 26612 -1
37307 69894 -1
37307 65667 10
37307 14081 -3
37307 97244 -1
37307 61070 -1
37307 982 2
37307 84159 1
37307 2094 -1
37307 73269 1
37307 81273 1
37307 92015 -1
37307 63469 2
37307 97739 1
37307 47142 2
37307 52680 1
37307 94377 -1
37307 18067 -1
37307 39392 1
37307 72970 1
37307 29261 1
37307 23722 1
37307 26114 1
37307 25701 1
37307 82990 1
37635 20070 1
37635 24416 1
37635 67907 -1
37635 71929 2
37635 26612 1
37635 14081 1
37635 41884 1
37635 55426 1
38075 1968 1
38075 3777 -6
38075 4054 1
38075 4642 2
38075 7691 -1
38075 8279 -3
38075 9501 3
38075 10439 1
38075 13668 1
38075 16151 4
38075 20070 6
38075 21112 1
38075 21523 1
38075 23396 -2
38075 24416 1
38075 25347 2
38075 33653 -1
38075 35379 4
38075 39265 5
38075 41493 1
38075 43299 1
38075 43531 9
38075 44651 1
38075 49768 -1
38075 51147 -1
38075 51921 -1
38075 52682 1
38075 59808 -2
38075 62891 3
38075 65914 4
38075 67907 -2
38075 71832 -1
38075 71929 4
38075 74350 1
38075 78094 1
38075 79421 -1
38075 80452 -2
38075 81805 3
38075 82849 2
38075 85464 -1
38075 90052 -2
38075 92593 -3
38075 95679 3
38075 96292 1
38075 98891 1
38075 5212 1
38075 5406 1
38075 6091 1
38075 8010 1
38075 9412 -1
38075 16367 1
38075 31508 2
38075 43440 1
38075 48363 1
38075 50929 1
38075 59527 1
38075 69280 1
38075 79725 1
38075 87025 1
38075 91093 2
38075 26612 1
38075 65667 -9
38075 78285 -4
38075 83439 -2
38075 8343 2
38075 14081 6
38075 97244 1
38075 52438 1
38075 61070 8
38075 86421 1
38075 982 -1
38075 15867 -1
38075 84159 -1
38075 73269 -1
38075 17792 1
38075 60930 1
38075 38885 -1
38075 48572 1
38075 60279 1
38075 67452 -1
38075 47142 -2
38075 11691 2
38075 59540 1
38075 62905 1
38075 91636 1
38075 23537 -1
38075 30638 -1
38075 32857 -1
38075 37002 -1
38075 43341 -1
38075 53210 -1
38075 78933 -1
38075 92472 -1
38075 62076 1
38075 26634 1
38075 56168 1
38075 6382 1
38075 11804 1
38075 12426 1
38075 35223 1
38075 43481 1
38075 31341 1
39196 5400 1
39196 10439 1
39196 13019 1
39196 88567 -2
39196 26612 1
39196 29745 1
39265 3777 -5
39265 4054 2
39265 5400 1
39265 6716 1
39265 8279 -2
39265 9501 2
39265 10008 2
39265 10439 1
39265 14051 2
39265 16151 2
39265 20070 10
39265 21112 4
39265 22254 3
39265 23381 3
39265 23396 -1
39265 24416 2
39265 25347 3
39265 27029 2
39265 27323 3
39265 31061 3
39265 31443 -2
39265 35379 1
39265 36614 1
39265 38075 31
39265 41493 1
39265 43299 1
39265 43531 11
39265 44259 3
39265 44651 9
39265 45326 5
39265 51921 -6
39265 52682 2
39265 53260 3
39265 55244 1
39265 59808 -1
39265 61154 1
39265 62891 3
39265 65914 6
39265 68001 2
39265 68535 1
39265 71929 6
39265 73037 1
39265 74350 4
39265 78094 2
39265 79421 -1
39265 81805 2
39265 82849 3
39265 86596 -1
39265 88339 1
39265 90052 -3
39265 91777 1
39265 92593 -1
39265 94178 1
39265 95679 2
39265 96292 2
39265 98891 1
39265 98992 -1
39265 6091 1
39265 8010 7
39265 11331 1
39265 13198 2
39265 16367 1
39265 27727 1
39265 31508 1
39265 43202 1
39265 43440 4
39265 50929 4
39265 69280 3
39265 77332 1
39265 91093 1
39265 62600 -2
39265 26612 5
39265 65667 -5
39265 17283 -5
39265 83439 -2
39265 2179 1
39265 8343 2
39265 14081 8
39265 97244 1
39265 52438 3
39265 53557 3
39265 61070 9
39265 86421 1
39265 2094 1
39265 17792 1
39265 48837 1
39265 87102 1
39265 72927 -1
39265 38885 -2
39265 92015 1
39265 63469 -1
39265 29745 1
39265 71584 1
39265 47142 -2
39265 14248 1
39265 97977 1
39265 8766 1
39265 37142 1
39265 43995 1
39265 59540 4
39265 91636 2
39265 53210 -1
39265 39392 -1
39265 72970 -1
39265 62076 1
39265 26634 2
39265 4821 1
39265 17687 1
39265 11804 1
39265 12426 2
39265 97386 1
39265 5999 1
39265 13818 1
39265 43389 1
39272 15784 1
39272 28156 -1
39391 11331 -1
39391 14081 -1
39458 8993 1
39458 24416 -1
39458 35379 2
39458 38075 1
39458 65914 1
39458 81805 1
39458 96292 1
39458 11305 2
39458 63029 -1
39458 95061 4
39458 26612 1
39458 43898 -2
39458 65667 -1
39458 14081 1
39458 73269 -2
39458 91307 -1
39458 28156 3
39458 50489 1
39458 79852 1
39458 8766 1
39458 39299 -2
39458 85245 -1
39458 57478 1
39458 33109 1
39458 1809 1
39458 53178 1
39458 27320 1
39458 56658 1
39458 74564 1
39458 84507 1
39458 97277 1
39596 8279 1
39596 16151 -1
39596 31443 1
39596 38075 -1
39596 51147 1
39596 51921 1
39596 71929 -1
39596 98230 1
39596 15784 1
39596 86558 1
39596 65667 4
39596 73269 1
39596 47142 1
39596 66923 1
39894 3777 1
39894 44651 -1
39894 51921 1
39894 73269 1
39894 9191 -1
39894 39392 1
39925 38075 -1
39925 39265 -1
39925 44259 -1
39925 74350 -1
39925 65667 2
39939 31443 -1
39939 35379 1
39952 8279 1
39952 20070 -1
39952 38075 -1
39952 65914 -1
39952 85464 1
39952 65667 2
39952 14081 -1
39952 26114 1
40360 43531 -1
40360 60604 1
40360 82942 1
40491 1968 -1
40491 3777 4
40491 5400 -7
40491 6099 1
40491 8279 1
40491 13019 -2
40491 14051 -2
40491 14829 1
40491 16151 -1
40491 17889 -1
40491 20070 -6
40491 21112 -3
40491 22254 -1
40491 23396 1
40491 24416 -1
40491 31061 -3
40491 31190 -1
40491 34905 4
40491 37635 -1
40491 38075 -13
40491 39265 -2
40491 42390 1
40491 43531 -9
40491 44259 -4
40491 44651 -10
40491 49768 2
40491 51147 1
40491 51921 6
40491 52682 -2
40491 53623 1
40491 59808 4
40491 62891 -2
40491 63756 1
40491 65914 -6
40491 67907 1
40491 71929 -3
40491 73099 2
40491 74350 -4
40491 79421 1
40491 80452 1
40491 81805 -1
40491 82849 -3
40491 85464 11
40491 86596 1
40491 90052 1
40491 92593 1
40491 94178 -2
40491 95165 1
40491 95679 -4
40491 96292 -1
40491 98230 3
40491 98992 1
40491 5212 -1
40491 5406 -1
40491 6091 -1
40491 11331 -4
40491 30494 -1
40491 43440 -1
40491 44097 -2
40491 50929 -5
40491 57854 -2
40491 73623 -1
40491 76294 1
40491 26612 -4
40491 65667 8
40491 78285 2
40491 83439 2
40491 8343 -1
40491 14081 -4
40491 52438 -1
40491 53557 -2
40491 61070 -1
40491 982 1
40491 91343 1
40491 73269 1
40491 17792 -1
40491 48837 -1
40491 38885 2
40491 92015 -1
40491 33611 1
40491 63469 1
40491 29745 -1
40491 49899 1
40491 67452 1
40491 47142 1
40491 77775 -1
40491 8766 -1
40491 43995 -1
40491 59540 -3
40491 39392 2
40491 13090 -1
40491 47033 -1
40491 62076 -1
40491 77455 -1
40491 81606 -1
40491 29261 3
40491 26114 1
40491 26276 2
40491 21168 1
41174 24416 -1
41174 38075 -1
41174 59808 1
41174 65914 -1
41174 71929 -1
41174 74350 -1
41174 87102 -1
41174 29745 -2
41174 26276 1
41493 3777 -1
41493 6716 2
41493 10008 1
41493 13019 1
41493 16151 1
41493 20070 1
41493 27029 1
41493 31443 -1
41493 35379 1
41493 38075 7
41493 39265 4
41493 43531 1
41493 45326 1
41493 52682 1
41493 62891 1
41493 65914 1
41493 74350 1
41493 81805 2
41493 82849 2
41493 92593 -1
41493 5212 1
41493 13198 1
41493 31508 2
41493 48363 1
41493 50929 1
41493 59527 1
41493 69280 1
41493 91093 1
41493 26612 1
41493 83439 -1
41493 14081 3
41493 52438 1
41493 61070 3
41493 24191 1
41493 8766 1
41493 43995 3
41493 91636 1
41493 42921 1
41493 11804 1
41493 79793 1
41493 86118 1
41493 9389 1
41604 11630 -2
41604 5406 -1
41604 20162 -1
41604 62600 -3
41604 14081 -1
41604 61070 2
41604 60604 -1
41604 60127 -1
41604 94691 -1
41604 51900 -1
41604 75650 -1
41604 85305 -1
42390 1968 -2
42390 3777 2
42390 5400 -1
42390 6099 1
42390 8279 1
42390 10008 -1
42390 10439 -1
42390 12549 -1
42390 13019 -1
42390 14051 -2
42390 16151 -1
42390 20070 -3
42390 21112 -2
42390 22254 -1
42390 24416 -2
42390 26900 -3
42390 31061 -1
42390 31443 2
42390 34905 5
42390 36614 -3
42390 37635 -1
42390 38075 -7
42390 39196 -1
42390 39265 -1
42390 40491 1
42390 43531 -5
42390 44651 -4
42390 45957 -1
42390 49768 1
42390 51147 1
42390 51502 4
42390 51921 3
42390 52665 -1
42390 53623 2
42390 61154 -7
42390 62891 -2
42390 63738 -1
42390 63756 2
42390 65914 -7
42390 70358 -1
42390 71929 -1
42390 74350 -3
42390 77981 1
42390 79421 2
42390 80452 1
42390 81805 -1
42390 84910 -1
42390 85464 2
42390 87191 -1
42390 91408 -1
42390 92593 1
42390 94161 1
42390 95679 -2
42390 98230 2
42390 5212 -1
42390 5406 -1
42390 5807 -1
42390 9412 1
42390 11331 -1
42390 33247 -1
42390 50929 -3
42390 59527 -1
42390 79725 -1
42390 91070 -1
42390 26612 -2
42390 65667 12
42390 8343 -1
42390 14081 -4
42390 97244 -2
42390 52438 -2
42390 53557 -1
42390 15867 1
42390 84159 1
42390 73269 3
42390 60930 -1
42390 87102 -1
42390 81273 1
42390 48572 -1
42390 63469 1
42390 52660 1
42390 29745 -1
42390 84052 -2
42390 5560 -2
42390 67452 2
42390 47142 1
42390 30656 -1
42390 59540 -2
42390 65968 -2
42390 94377 -1
42390 43341 1
42390 92472 2
42390 62076 -1
42390 3256 -1
42390 14816 -1
42390 24834 -1
42390 25542 -1
42390 26634 -1
42390 38219 -1
42390 43693 -1
42390 55426 -1
42390 65702 -1
42390 81518 -1
42390 88632 -1
42390 91701 -1
42390 29261 1
42390 33757 1
42390 85679 1
42390 20326 1
42390 26114 1
42390 62417 1
42390 82990 1
42390 48076 1
42390 61856 1
42934 31443 -1
43294 20070 1
43294 31061 1
43294 92593 -1
43294 65667 -1
43299 5400 1
43299 10008 1
43299 14051 2
43299 16151 1
43299 20070 2
43299 24416 1
43299 25347 1
43299 27029 1
43299 31061 1
43299 31443 -1
43299 35379 2
43299 38075 8
43299 39265 3
43299 43531 2
43299 44651 2
43299 51921 -2
43299 52682 2
43299 62891 2
43299 65914 3
43299 69667 1
43299 70358 1
43299 71929 1
43299 78094 1
43299 81805 2
43299 90052 -2
43299 91777 1
43299 96292 1
43299 740 1
43299 4060 1
43299 8010 1
43299 31508 2
43299 50929 2
43299 99976 1
43299 65667 -1
43299 14081 5
43299 52438 1
43299 17792 1
43299 60930 1
43299 34123 1
43299 48572 1
43299 29836 1
43299 26053 1
43299 54706 1
43299 59540 1
43299 26634 1
43299 36465 -1
43299 74097 -1
43299 11429 1
43299 19407 1
43299 12426 2
43299 43481 1
43299 55042 1
43299 82019 1
43531 3777 -3
43531 4054 2
43531 4642 1
43531 5400 1
43531 7691 -1
43531 10008 1
43531 10439 3
43531 14051 2
43531 14829 -3
43531 16151 1
43531 20070 2
43531 21112 1
43531 24416 3
43531 25347 3
43531 27029 1
43531 31061 1
43531 31401 -1
43531 31443 -1
43531 34905 -1
43531 35379 4
43531 36614 1
43531 38075 37
43531 39265 5
43531 41493 1
43531 42390 -1
43531 43299 2
43531 45326 1
43531 51921 -3
43531 52665 1
43531 52682 1
43531 59596 1
43531 59808 -3
43531 61154 2
43531 62891 1
43531 65914 7
43531 68001 1
43531 69667 1
43531 70358 1
43531 71929 10
43531 74350 3
43531 79421 -1
43531 82849 3
43531 85464 -1
43531 86596 -1
43531 90052 -5
43531 92593 -6
43531 95679 5
43531 98891 1
43531 98992 -2
43531 5212 1
43531 8010 2
43531 12009 -1
43531 13198 1
43531 16367 1
43531 31508 2
43531 43440 1
43531 50929 8
43531 56309 -1
43531 66142 1
43531 77332 1
43531 87342 2
43531 90125 1
43531 65667 -14
43531 78285 -5
43531 83439 -2
43531 2179 1
43531 8343 5
43531 14081 2
43531 97244 1
43531 61070 6
43531 2094 1
43531 73269 -3
43531 17792 1
43531 87102 1
43531 81005 1
43531 42906 -1
43531 33611 -2
43531 52660 -1
43531 1251 1
43531 91307 -1
43531 47142 -1
43531 38567 2
43531 14248 1
43531 55876 1
43531 54706 1
43531 8766 1
43531 59540 3
43531 91636 2
43531 26009 -1
43531 53210 -1
43531 39392 -1
43531 26634 1
43531 29261 -1
43531 33757 -1
43531 69959 -1
43531 93144 -1
43531 93784 -1
43531 19407 1
43531 12426 5
43610 59808 1
43610 50866 1
43610 57854 -1
43610 78285 2
43610 24191 -1
43610 26276 1
43610 2040 1
44259 5400 2
44259 9368 -1
44259 10439 1
44259 13019 1
44259 14051 1
44259 16151 1
44259 20070 14
44259 21112 1
44259 22254 1
44259 24572 1
44259 25347 1
44259 27029 1
44259 27323 1
44259 31061 1
44259 31443 -2
44259 36614 2
44259 38075 5
44259 39265 10
44259 43299 1
44259 44651 11
44259 45326 1
44259 51921 -2
44259 52682 2
44259 62891 2
44259 65914 5
44259 67907 -1
44259 68001 1
44259 70344 -1
44259 71929 4
44259 74350 2
44259 78094 1
44259 81805 1
44259 85464 -1
44259 91777 2
44259 98891 2
44259 740 1
44259 5212 1
44259 5406 1
44259 8010 5
44259 13198 1
44259 30494 1
44259 41376 1
44259 43440 2
44259 50929 5
44259 69280 3
44259 78572 1
44259 79725 1
44259 86558 -1
44259 26612 7
44259 65667 -1
44259 17283 -1
44259 78285 -1
44259 2179 1
44259 14081 5
44259 52438 1
44259 73269 -1
44259 17792 2
44259 41884 1
44259 60930 2
44259 82273 2
44259 42906 -1
44259 92015 2
44259 5560 1
44259 71584 1
44259 8766 1
44259 19391 1
44259 43995 1
44259 48568 1
44259 59540 4
44259 65968 1
44259 91636 1
44259 57269 -1
44259 92976 -1
44259 87646 2
44259 35223 1
44259 66845 1
44259 86118 1
44259 5999 1
44259 94314 1
44322 38075 -1
44322 65667 2
44322 60930 -1
44387 3777 -1
44651 4054 1
44651 5400 1
44651 9368 -1
44651 10008 2
44651 13019 1
44651 16151 1
44651 20070 5
44651 21112 2
44651 22254 1
44651 25347 1
44651 31061 1
44651 38075 5
44651 39265 7
44651 45326 2
44651 49768 -1
44651 59808 -3
44651 61154 1
44651 65914 1
44651 74350 1
44651 86596 -1
44651 90052 -2
44651 9825 1
44651 50929 4
44651 26612 1
44651 65667 -2
44651 14081 2
44651 61070 1
44651 73269 -1
44651 47142 -1
44651 97977 1
44651 59540 1
44651 43341 -1
44651 26634 1
44651 4821 1
44651 35223 1
44729 20070 2
44729 24416 1
44729 38075 2
44729 67907 -1
44729 70358 1
44729 71929 1
44729 98891 1
44729 6091 1
44729 50929 1
44729 26612 1
44729 14081 1
44729 97244 1
44729 52438 1
44729 12426 1
45105 3777 -4
45105 5400 1
45105 13019 1
45105 20070 2
45105 22254 1
45105 27029 1
45105 31061 1
45105 35379 1
45105 38075 5
45105 39265 1
45105 43531 3
45105 44651 2
45105 45326 1
45105 62891 1
45105 81805 1
45105 88339 1
45105 31508 1
45105 43440 1
45105 50929 1
45105 77332 1
45105 26612 1
45105 53557 2
45105 61070 1
45105 86421 2
45105 84159 -1
45105 17792 1
45105 72927 -1
45105 59540 1
45105 91636 1
45105 78933 -1
45105 18809 -1
45105 50435 -1
45110 65914 -1
45326 4054 1
45326 9501 1
45326 10008 1
45326 16151 1
45326 20070 1
45326 21112 1
45326 22254 2
45326 23396 -1
45326 25347 1
45326 27323 1
45326 31443 -2
45326 35379 1
45326 39265 3
45326 44259 1
45326 44651 3
45326 70358 1
45326 71929 1
45326 81805 1
45326 90052 -1
45326 98891 5
45326 43440 1
45326 50929 1
45326 26612 2
45326 2094 1
45326 11691 1
45326 59540 1
45326 26634 1
45326 85679 -1
45326 87646 1
45326 35223 1
45669 8279 -1
45669 31061 1
45669 38075 2
45669 39265 1
45669 43531 1
45669 65914 1
45669 65667 -1
45669 97244 2
45957 20070 1
45957 38075 1
45957 90052 -1
45957 65667 -1
45957 14081 1
45957 38885 -1
46520 96292 1
46520 93633 -1
47603 31443 -2
47701 44651 1
47701 62351 -1
47701 34882 1
47804 11630 -1
47804 62891 -1
47804 66744 -1
47804 48572 -2
47804 49143 -1
47804 65702 -1
47804 82942 1
47804 76203 1
48813 31443 -1
49768 5400 -1
49768 5887 1
49768 8279 1
49768 20070 -2
49768 21112 -1
49768 22254 -2
49768 36614 -1
49768 38075 -1
49768 39265 -1
49768 40491 1
49768 43531 -1
49768 44259 -1
49768 44651 -4
49768 51921 4
49768 59808 4
49768 61154 -1
49768 63756 1
49768 65914 -1
49768 74350 -2
49768 85464 1
49768 88567 1
49768 98230 1
49768 15784 1
49768 50929 -1
49768 26612 -1
49768 65667 5
49768 83439 1
49768 8343 -1
49768 14081 -1
49768 73269 1
49768 81005 -2
49768 63469 1
49768 67452 1
49768 47142 2
49768 53210 1
49768 29261 1
49768 26114 1
51147 51921 1
51147 65667 3
51147 78285 1
51147 14081 -1
51147 63469 1
51168 3777 1
51168 6099 1
51168 8279 2
51168 11630 1
51168 20070 -1
51168 36614 -1
51168 38075 -2
51168 51921 1
51168 59808 2
51168 74350 -1
51168 81805 -1
51168 85464 3
51168 90052 1
51168 95165 1
51168 78572 -1
51168 89508 1
51168 95642 1
51168 65667 7
51168 78285 1
51168 38885 3
51168 47142 2
51168 62076 -1
51168 29261 1
51168 26276 1
51400 3777 1
51400 6099 1
51400 8279 1
51400 11630 3
51400 14529 1
51400 22254 -1
51400 24418 1
51400 33653 2
51400 36614 -1
51400 37307 1
51400 38075 -2
51400 40491 1
51400 51147 1
51400 51921 4
51400 59808 5
51400 65914 -2
51400 74350 -1
51400 85464 2
51400 90052 1
51400 94055 1
51400 95165 1
51400 95845 1
51400 98230 1
51400 62600 1
51400 26612 -1
51400 65667 13
51400 14081 -4
51400 52438 -1
51400 61070 -1
51400 982 1
51400 84159 1
51400 2094 -5
51400 73269 1
51400 60930 -2
51400 42906 1
51400 63469 5
51400 5560 -1
51400 67452 1
51400 79648 -1
51400 53210 1
51400 39392 1
51400 85305 1
51400 81518 -2
51400 29261 1
51400 93921 -1
51400 26114 1
51400 72212 1
51400 58243 1
51400 38060 1
51400 54328 1
51404 8279 -1
51404 38075 1
51404 81805 1
51404 65667 -1
51404 14081 1
51502 10008 -1
51502 14051 -3
51502 16151 -1
51502 20070 -2
51502 24416 -1
51502 31061 -1
51502 31443 1
51502 34764 1
51502 34905 1
51502 36991 -1
51502 37635 -1
51502 38075 -2
51502 40491 1
51502 42390 2
51502 44651 -1
51502 45957 -1
51502 51921 2
51502 53623 1
51502 61154 -3
51502 63738 -1
51502 63756 3
51502 64213 1
51502 65914 -6
51502 70358 -2
51502 71929 -2
51502 74350 -2
51502 78094 -2
51502 80452 1
51502 85464 4
51502 87191 -1
51502 92593 1
51502 95679 -1
51502 98992 1
51502 5212 -1
51502 33247 -1
51502 50929 -4
51502 65667 3
51502 14081 -2
51502 97244 -1
51502 52438 -1
51502 17792 -1
51502 87102 -1
51502 71584 -1
51502 26053 -2
51502 97977 -1
51502 91636 -1
51502 94377 -2
51502 43341 1
51502 39392 1
51502 57478 -1
51921 5400 -3
51921 6099 1
51921 8279 2
51921 13019 -1
51921 20070 -2
51921 21112 -2
51921 22254 -1
51921 23396 1
51921 31443 1
51921 34905 1
51921 37307 1
51921 38075 -3
51921 43531 -1
51921 44259 -1
51921 44651 -3
51921 49768 2
51921 51502 1
51921 59808 1
51921 61154 -2
51921 63756 3
51921 65914 -2
51921 69924 1
51921 71929 -1
51921 73099 1
51921 74350 -1
51921 81805 -1
51921 85464 2
51921 96292 -1
51921 98230 1
51921 98891 -1
51921 5212 -1
51921 12009 1
51921 43440 -1
51921 50929 -1
51921 79725 -3
51921 26612 -1
51921 65667 10
51921 78285 2
51921 83439 1
51921 14081 -3
51921 2094 -1
51921 60930 -2
51921 34123 -1
51921 92015 -1
51921 29745 -1
51921 5560 -1
51921 67452 1
51921 47142 4
51921 43341 1
51921 72970 2
51921 4821 -1
51921 72212 1
52018 11630 1
52018 61314 -1
52018 5406 1
52018 13127 1
52018 16786 1
52018 89508 1
52018 93633 1
52018 94384 1
52018 62600 1
52018 65667 1
52018 78285 1
52018 60127 1
52018 94691 1
52018 33042 1
52018 52666 1
52018 60246 1
52018 73367 1
52018 3807 1
52557 1968 -1
52557 38075 -1
52557 54278 1
52557 59808 1
52557 65914 -1
52557 5212 -1
52557 62600 1
52557 65667 1
52557 73269 1
52557 26114 1
52557 54908 1
52665 24416 2
52665 31061 2
52665 38075 2
52665 39265 1
52665 43531 1
52665 65914 1
52665 71929 1
52665 92593 -1
52665 95679 1
52665 96292 1
52665 5406 1
52665 50929 2
52665 8343 1
52665 14081 1
52665 97244 2
52665 61070 1
52665 92015 1
52665 91636 1
52665 12426 1
52665 34882 1
52665 43405 1
52682 4054 1
52682 5400 2
52682 6716 1
52682 9501 1
52682 14051 1
52682 20070 1
52682 21112 1
52682 22254 1
52682 24416 2
52682 25347 2
52682 27029 3
52682 27323 1
52682 31061 2
52682 35379 2
52682 38075 14
52682 39265 7
52682 41493 1
52682 42390 -1
52682 43299 2
52682 43531 3
52682 44259 1
52682 44651 1
52682 51921 -1
52682 53260 1
52682 55244 1
52682 59808 -2
52682 62891 6
52682 65914 11
52682 68001 1
52682 68535 2
52682 71929 1
52682 73037 1
52682 74350 4
52682 78094 1
52682 80466 1
52682 81805 3
52682 82849 2
52682 91777 2
52682 92593 -2
52682 98992 -1
52682 4060 1
52682 5406 1
52682 6091 1
52682 8010 1
52682 9412 -2
52682 31508 3
52682 43202 1
52682 44097 2
52682 53228 -1
52682 77332 1
52682 90125 2
52682 91093 2
52682 26612 3
52682 65667 -2
52682 2179 1
52682 8343 1
52682 14081 5
52682 97244 3
52682 52438 2
52682 84159 -1
52682 98279 -1
52682 17792 1
52682 81005 1
52682 92015 1
52682 84052 1
52682 38567 1
52682 54706 1
52682 8766 1
52682 27429 1
52682 43995 7
52682 48568 1
52682 59540 3
52682 65968 2
52682 91636 1
52682 76123 -1
52682 17494 3
52682 11429 1
52682 69832 1
52682 55042 1
52682 79793 1
52682 94314 1
52682 16370 1
52682 26344 1
52682 88893 1
52682 94072 1
53148 5400 -1
53260 4054 1
53260 20070 2
53260 22254 1
53260 31443 -1
53260 38075 4
53260 39265 3
53260 43531 3
53260 51921 -1
53260 65914 1
53260 71929 2
53260 74350 1
53260 77044 -1
53260 8010 1
53260 9412 -1
53260 15784 -1
53260 43440 1
53260 91629 -1
53260 62600 -1
53260 26612 1
53260 65667 -1
53260 78285 -1
53260 14081 1
53260 52438 1
53260 2094 1
53260 81273 -1
53260 38885 -3
53260 43341 -1
53260 19407 1
53623 3777 2
53623 10008 -1
53623 33653 1
53623 34905 1
53623 38075 -4
53623 43531 -5
53623 44259 -1
53623 51921 2
53623 63756 2
53623 65914 -3
53623 70358 -1
53623 78094 -1
53623 85464 1
53623 65667 3
53623 78285 1
53623 14081 -2
53623 97244 -1
53623 52438 -1
53623 61070 -2
53623 86421 -1
53623 38885 1
53623 5560 -1
53623 37002 1
53623 39392 1
53623 29261 1
53900 23396 1
53900 51921 1
53900 65914 -1
53900 74350 -1
53900 65667 1
53900 78285 1
54091 14051 -1
54091 38075 -1
54091 51502 1
54091 51921 1
54091 63756 1
54091 65914 -1
54091 70358 -1
54091 71929 -1
54091 85464 1
54091 95215 1
54091 65667 5
54091 78285 1
54091 14081 -1
54091 47142 1
54091 29261 1
54278 59808 1
54278 65667 1
54278 60654 -1
54842 11630 -1
54842 35379 1
54842 38075 3
54842 9412 1
54842 66750 1
54842 93633 2
55098 3777 1
55098 38075 -1
55098 65667 1
55102 19895 -1
55102 98230 1
55102 41248 1
55102 13427 -1
55244 25347 1
55244 35379 1
55244 38075 4
55244 39265 1
55244 43531 1
55244 52682 1
55244 59808 -1
55244 65914 1
55244 74350 1
55244 81805 1
55244 90052 -1
55244 2179 1
55244 14081 1
55595 64428 -1
56153 3777 2
56153 16151 -1
56153 24416 -1
56153 38075 -3
56153 43531 -2
56153 44651 -1
56153 51921 1
56153 85464 1
56153 90052 1
56153 98230 2
56153 98891 -1
56153 65667 6
56153 14081 -2
56153 73269 1
56153 39392 1
56183 31061 1
56183 35379 1
56183 38075 1
56183 52018 1
56183 61314 -1
56183 98891 1
56183 5212 1
56183 5406 1
56183 59527 1
56183 89508 1
56183 61070 1
56183 60604 1
56183 60127 2
56183 41248 1
56183 94691 1
56183 85305 1
56183 20174 3
56183 21793 1
56183 33042 1
56183 35832 1
56183 52666 2
56183 60246 1
56183 91977 1
56183 35845 1
56183 36186 1
56183 58620 1
56183 86847 1
56183 94228 1
56404 16151 -1
56404 38075 -4
56404 51921 1
56404 59808 2
56404 81805 -1
56404 90052 1
56404 63503 1
56404 65667 1
56404 78285 1
56404 15867 1
56404 20284 -1
56404 17494 -1
56404 23844 1
56404 28647 1
57216 8279 3
57216 51921 1
57216 57491 1
57216 59808 2
57216 79421 1
57216 85464 3
57216 92593 1
57216 94055 1
57216 94178 -1
57216 53228 1
57216 54306 1
57216 86558 1
57216 62600 2
57216 65667 9
57216 60930 -1
57216 52660 1
57216 26276 1
57473 13668 1
57473 35379 1
57473 38075 1
57473 15784 -1
57473 61070 1
57473 2094 1
57473 25061 1
57473 83056 1
57491 8279 3
57491 22254 -1
57491 23396 1
57491 31443 1
57491 34905 1
57491 36614 -1
57491 37307 1
57491 38075 -5
57491 43531 -1
57491 49768 1
57491 51921 4
57491 57216 1
57491 59808 1
57491 65914 -1
57491 67907 2
57491 71929 -1
57491 74350 -2
57491 79421 1
57491 81805 -1
57491 85464 3
57491 90052 1
57491 98230 1
57491 98891 -2
57491 59527 -1
57491 78572 -1
57491 62600 2
57491 26612 -1
57491 65667 11
57491 83439 1
57491 14081 -2
57491 60604 1
57491 73269 1
57491 38885 3
57491 47142 1
57491 72970 1
57491 17687 -1
57491 41658 1
57491 26114 1
57491 25701 1
57491 19135 1
57491 76226 1
59304 31443 -1
59304 62600 -1
59596 38075 1
59596 43531 2
59596 71929 1
59596 78285 -1
59596 14081 1
59808 5400 -4
59808 8279 1
59808 43531 -1
59808 44651 -1
59808 51921 2
59808 65914 -1
59808 74350 -1
59808 14081 -1
60727 31443 2
60727 65914 -1
60727 23722 1
60752 33653 1
60752 38075 -1
60752 71929 -4
60752 80452 3
60752 48363 -1
60752 62600 1
60752 65667 2
60752 61070 -3
60752 60604 1
60752 2094 -1
60752 63469 1
60752 91307 2
60752 88784 -1
60752 94377 -1
60752 19888 -1
60752 80461 2
61020 57854 -3
61020 43898 1
61154 4054 1
61154 10008 1
61154 10439 1
61154 13019 1
61154 14051 2
61154 14829 -1
61154 16151 2
61154 20070 1
61154 21112 1
61154 24416 2
61154 25347 1
61154 27029 1
61154 31061 1
61154 31443 -6
61154 35379 3
61154 36614 1
61154 37635 1
61154 38075 3
61154 39265 3
61154 42390 -2
61154 43531 4
61154 44651 5
61154 45326 1
61154 45957 1
61154 49768 -1
61154 51502 -1
61154 51921 -1
61154 62891 1
61154 65914 2
61154 71929 4
61154 73037 1
61154 74350 1
61154 78094 1
61154 79421 -1
61154 80452 -1
61154 82849 2
61154 90052 -1
61154 95679 1
61154 96292 1
61154 98891 1
61154 98992 -1
61154 5212 1
61154 11331 1
61154 31508 2
61154 50929 3
61154 87025 1
61154 94839 1
61154 62600 -1
61154 64428 1
61154 65667 -4
61154 78285 -2
61154 2179 1
61154 14081 2
61154 97244 1
61154 61070 1
61154 17792 1
61154 87102 1
61154 2419 1
61154 49899 -1
61154 14248 1
61154 45664 1
61154 59540 1
61154 65968 1
61154 91636 1
61154 23537 -1
61154 62076 1
61154 26634 1
61154 3821 -1
61154 20326 -1
61154 28139 -1
61154 95846 2
61154 12426 1
61154 17014 1
61154 29747 1
61154 58442 1
61154 97386 1
61154 38434 1
61154 51414 1
61154 96263 1
61182 11630 -1
61182 36614 -1
61182 6091 -1
61182 20162 -1
61182 50929 -1
61182 57854 -1
61182 65667 1
61182 61070 -1
61182 98279 -1
61182 3256 -1
61182 42204 -1
61314 11630 -2
61314 52018 -2
61314 98891 -1
61314 20162 -3
61314 27727 1
61314 59527 -1
61314 93633 -1
61314 93786 -1
61314 62600 -1
61314 61070 1
61314 60127 -1
61314 63786 -2
61314 19774 -1
61314 92649 -1
61840 33653 2
61840 71929 -1
61840 74350 -1
61840 50929 -1
61840 65667 2
61840 14081 -1
61840 72927 1
61840 42906 1
61840 47142 1
61840 94377 -1
61840 25850 -1
61840 24848 1
61840 75672 1
62487 16151 -1
62487 51921 1
62559 15784 -1
62559 62600 -1
62891 3777 -2
62891 4642 1
62891 9501 1
62891 14829 -1
62891 20070 1
62891 21112 2
62891 24416 1
62891 25347 1
62891 27029 1
62891 35379 1
62891 38075 8
62891 39265 1
62891 43531 1
62891 65914 5
62891 70358 1
62891 71929 1
62891 91777 1
62891 92593 -2
62891 98992 -1
62891 5212 1
62891 8010 1
62891 31508 1
62891 59527 1
62891 91093 1
62891 26612 1
62891 65667 -1
62891 14081 3
62891 52438 1
62891 53557 1
62891 61070 1
62891 72212 1
62891 73762 1
63547 20070 1
63547 24416 1
63547 25347 1
63547 27029 1
63547 27323 1
63547 31443 -2
63547 38075 3
63547 39265 1
63547 43531 2
63547 45326 4
63547 52682 1
63547 65914 1
63547 71929 2
63547 98891 2
63547 57854 1
63547 77332 1
63547 14081 4
63547 61070 1
63547 45551 1
63738 1968 1
63738 3217 -1
63738 9501 1
63738 11630 -1
63738 14051 2
63738 20070 3
63738 21112 5
63738 24416 1
63738 25347 1
63738 25508 1
63738 27029 1
63738 31061 3
63738 31443 -8
63738 35379 7
63738 36614 1
63738 38075 7
63738 39265 4
63738 41493 2
63738 43531 1
63738 44651 2
63738 52682 1
63738 59808 -1
63738 61154 1
63738 62891 2
63738 65914 3
63738 69667 1
63738 70358 1
63738 71929 3
63738 74350 2
63738 79421 -1
63738 81805 1
63738 82849 2
63738 84910 1
63738 88339 1
63738 90052 -1
63738 92593 -1
63738 98891 1
63738 98992 -1
63738 3149 1
63738 5212 1
63738 20162 -2
63738 31508 2
63738 33247 1
63738 42343 -1
63738 47536 1
63738 50929 2
63738 69280 1
63738 77700 -1
63738 90125 1
63738 62600 -2
63738 64428 1
63738 26612 2
63738 65667 -4
63738 2179 1
63738 8343 2
63738 97244 2
63738 61070 3
63738 2094 4
63738 73269 -2
63738 92015 1
63738 5560 1
63738 71584 1
63738 63786 -1
63738 97977 1
63738 43995 1
63738 48568 1
63738 39392 -1
63738 13090 1
63738 3821 -1
63738 35223 1
63738 43481 1
63738 79793 1
63738 646 1
63738 9389 1
63738 8437 1
63738 71947 1
63756 3777 1
63756 5400 -1
63756 7691 1
63756 10008 -1
63756 13019 -1
63756 14051 -3
63756 16151 -1
63756 20070 -3
63756 21112 -2
63756 24416 -3
63756 31061 -1
63756 31443 1
63756 34905 2
63756 36614 -1
63756 37635 -1
63756 38075 -5
63756 39265 -2
63756 40491 1
63756 42390 2
63756 43531 -4
63756 44259 -2
63756 44651 -5
63756 45326 -2
63756 49768 2
63756 51147 1
63756 51502 4
63756 51921 5
63756 53623 1
63756 59808 2
63756 61154 -3
63756 63738 -1
63756 65643 1
63756 65914 -6
63756 68001 -1
63756 71929 -1
63756 73099 2
63756 74350 -2
63756 78094 -1
63756 79421 2
63756 82849 -1
63756 85464 5
63756 87191 -1
63756 88567 1
63756 90052 2
63756 95165 1
63756 95845 1
63756 98230 2
63756 98891 -2
63756 98992 1
63756 5212 -1
63756 5406 -1
63756 9825 -3
63756 50929 -4
63756 56309 1
63756 57113 -1
63756 77700 1
63756 86558 2
63756 26612 -1
63756 65667 19
63756 17283 1
63756 78285 4
63756 83439 1
63756 8343 -1
63756 14081 -4
63756 97244 -1
63756 982 2
63756 2094 -2
63756 73269 6
63756 17792 -1
63756 60930 -1
63756 87102 -1
63756 38885 1
63756 33611 1
63756 63469 1
63756 67452 1
63756 47142 8
63756 97977 -1
63756 30204 -3
63756 59540 -1
63756 43341 3
63756 39392 4
63756 72970 1
63756 62076 -1
63756 74097 1
63756 29261 2
63756 11429 -1
63756 46640 -1
63756 79570 -1
63756 87646 -2
63756 8092 1
63756 26114 1
63756 26276 1
63756 78718 1
63756 21168 1
63756 28647 1
63756 6869 1
63756 67019 1
64213 9368 1
64213 14051 -1
64213 17889 -1
64213 21112 -1
64213 31061 -1
64213 34905 1
64213 36614 -1
64213 38075 -3
64213 39265 -1
64213 42390 1
64213 43531 -1
64213 51502 1
64213 51921 1
64213 52682 -1
64213 61154 -1
64213 63738 -1
64213 65914 -3
64213 68001 -1
64213 74350 -4
64213 78094 -1
64213 85464 3
64213 88567 1
64213 94161 1
64213 95679 -1
64213 98230 1
64213 740 -1
64213 5212 -1
64213 6091 -1
64213 43202 -1
64213 50929 -2
64213 66142 -1
64213 69280 -1
64213 78572 -1
64213 26612 -1
64213 65667 2
64213 14081 -1
64213 61070 -1
64213 73269 1
64213 87102 -1
64213 67452 1
64213 79648 -1
64213 94377 -1
64506 20070 -1
64506 21112 -1
64506 38075 -3
64506 51921 3
64506 74350 -1
64506 85464 1
64506 98230 1
64506 65667 4
64506 73269 1
64506 60930 -1
64506 87102 -1
64506 81273 1
64506 47142 1
64506 8092 1
64506 15387 1
64540 1968 1
64540 3777 -1
64540 4054 1
64540 5400 1
64540 9368 -1
64540 10008 3
64540 10439 1
64540 13019 1
64540 14051 2
64540 15583 1
64540 20070 7
64540 21112 2
64540 22254 1
64540 24416 1
64540 25347 2
64540 27029 2
64540 27323 1
64540 31061 3
64540 31443 -3
64540 35379 4
64540 38075 7
64540 39265 7
64540 41493 1
64540 43299 1
64540 43531 1
64540 44259 2
64540 44651 11
64540 45326 2
64540 51921 -3
64540 52682 1
64540 59808 -1
64540 61154 2
64540 62891 1
64540 65914 4
64540 70358 3
64540 71929 5
64540 74350 2
64540 80452 -1
64540 82849 3
64540 85464 -1
64540 95679 2
64540 96292 1
64540 98891 4
64540 98992 -1
64540 1351 1
64540 9825 1
64540 13198 1
64540 31508 1
64540 43440 1
64540 50929 5
64540 69280 1
64540 79725 1
64540 87025 1
64540 26612 3
64540 65667 -1
64540 78285 -1
64540 2179 2
64540 8343 2
64540 14081 6
64540 97244 1
64540 52438 1
64540 61070 2
64540 2094 2
64540 73269 -1
64540 19020 1
64540 87102 1
64540 34123 1
64540 42906 -1
64540 1251 1
64540 71584 1
64540 59540 2
64540 91636 2
64540 94377 1
64540 87646 1
64540 12426 1
64540 79823 1
64540 51414 1
64970 1968 -1
64970 3777 2
64970 8279 2
64970 14300 -1
64970 14529 1
64970 14829 2
64970 16151 -4
64970 20070 -2
64970 21112 -3
64970 23396 4
64970 24418 1
64970 31443 2
64970 36614 -1
64970 37307 1
64970 38075 -7
64970 39265 -1
64970 43531 -1
64970 44651 -6
64970 45326 -2
64970 51921 5
64970 52682 -1
64970 54278 1
64970 57216 1
64970 59808 10
64970 62891 -1
64970 65914 -1
64970 71929 -1
64970 73099 4
64970 74350 -1
64970 81805 -2
64970 85464 1
64970 90052 2
64970 94161 2
64970 95165 4
64970 95679 -1
64970 96292 -1
64970 98230 1
64970 98891 -9
64970 98992 1
64970 9412 1
64970 43440 -2
64970 48363 -2
64970 57854 -6
64970 63503 2
64970 79725 -2
64970 62600 2
64970 65667 8
64970 78285 1
64970 14081 -9
64970 18720 -1
64970 84159 1
64970 98279 -1
64970 2094 -5
64970 73269 2
64970 17792 -1
64970 42523 -1
64970 60930 -2
64970 41514 1
64970 81273 1
64970 63469 3
64970 84052 -1
64970 91307 2
64970 11691 -4
64970 8766 -1
64970 20284 -1
64970 43341 1
64970 78933 1
64970 62076 -1
64970 17494 -1
64970 23868 -2
64970 33113 -1
64970 56168 -2
64970 65919 -1
64970 87601 -1
64970 41658 1
64970 26114 1
64970 94488 1
64970 72212 1
64970 23844 1
64970 78718 1
64970 66923 1
64970 54328 1
64970 37773 1
64970 83973 1
65040 31443 -1
65643 21112 -1
65643 59808 1
65643 85464 1
65643 98891 -1
65643 65667 1
65643 47142 1
65914 9501 1
65914 20070 1
65914 25347 1
65914 35379 2
65914 38075 3
65914 39265 1
65914 43531 2
65914 52682 1
65914 62891 2
65914 74350 1
65914 80452 -1
65914 81805 1
65914 5212 1
65914 31508 1
65914 50929 1
65914 59527 1
65914 14081 1
65914 61070 2
65914 8437 1
66729 41514 -1
67000 8279 1
67000 24416 -1
67000 74350 -1
67000 36115 1
67149 74350 -1
67149 73269 1
67149 63469 1
67149 49899 1
67149 92472 1
67149 23576 1
67251 14829 2
67251 16151 -1
67251 31443 1
67251 59808 1
67251 65914 -1
67251 71929 -1
67251 65667 2
67251 83439 1
67251 14081 -1
67251 17511 1
67251 63378 1
67251 81273 1
67251 42906 1
67251 39392 1
67374 31443 -1
67907 3777 4
67907 20070 -2
67907 31061 -1
67907 37635 -1
67907 38075 -5
67907 43531 -1
67907 51147 2
67907 51921 1
67907 65914 -2
67907 71929 -1
67907 74350 -1
67907 96292 -1
67907 98891 -1
67907 5406 -1
67907 57854 -13
67907 26612 -1
67907 65667 1
67907 78285 1
67907 52438 -1
67907 61070 -1
67907 87102 -3
67907 42906 2
67907 52170 1
67907 60127 -2
67907 94691 -1
67907 55876 -1
67907 37002 1
67907 75650 -1
67907 27384 -1
67907 39739 -1
67907 48286 -1
67907 50524 -1
67907 78244 -2
67907 78781 -1
67907 49467 1
68001 2406 -1
68001 4054 1
68001 20070 5
68001 21112 1
68001 31443 -1
68001 35379 3
68001 38075 1
68001 39265 2
68001 43531 3
68001 44651 1
68001 51921 -2
68001 52682 1
68001 55244 1
68001 59808 -1
68001 62891 1
68001 65914 3
68001 80452 -3
68001 91777 1
68001 5212 2
68001 6091 1
68001 9412 -1
68001 27727 1
68001 43440 1
68001 50929 2
68001 69280 1
68001 26612 1
68001 65667 -1
68001 14081 1
68001 73269 -1
68001 92015 1
68001 29745 1
68001 47142 -1
68001 62905 1
68001 94377 1
68001 92472 -1
68001 60654 1
68001 79551 -1
68001 64176 2
68001 83921 1
68048 3777 1
68048 38075 -1
68048 43531 -1
68048 51921 1
68048 74350 -1
68048 98891 -1
68048 79725 -1
68048 65667 2
68048 14081 -1
68048 52438 -1
68092 71929 1
68092 98279 -1
68535 5400 1
68535 10439 1
68535 20070 1
68535 21112 1
68535 31061 1
68535 35379 1
68535 38075 4
68535 44651 1
68535 52682 1
68535 62891 1
68535 65914 1
68535 81805 1
68535 96292 1
68535 8343 2
68535 97244 1
68535 87102 1
68535 38885 -1
68535 20284 1
68535 26634 1
68535 88632 1
68535 17494 1
68535 43405 1
69667 11630 -1
69667 14051 1
69667 20070 1
69667 35379 2
69667 38075 2
69667 39265 1
69667 43531 1
69667 62891 1
69667 65914 1
69667 71929 1
69667 74350 1
69667 80452 -1
69667 90052 -1
69667 20162 -1
69667 31508 1
69667 50929 1
69667 59527 -1
69667 62600 -1
69667 65667 -1
69667 8343 1
69667 61070 1
69667 2094 1
69667 41514 -1
69667 33611 -1
69667 63469 -1
69667 94691 -1
69924 8279 1
69924 22254 -1
69924 31443 1
69924 36614 -1
69924 38075 -2
69924 44259 -1
69924 63756 1
69924 74350 -1
69924 98230 1
69924 98891 -1
69924 15784 1
69924 64428 -2
69924 65667 2
69924 17283 1
69924 14081 -2
69924 87102 -1
70194 38075 -3
70194 43531 -3
70194 92593 1
70194 65667 3
70194 78285 2
70194 83439 1
70344 8279 1
70344 22254 -1
70344 24416 -1
70344 30143 1
70344 51921 1
70344 63756 1
70344 65914 -1
70344 74350 -1
70344 81805 -1
70344 65667 1
70344 52660 1
70358 10008 1
70358 10439 1
70358 14051 4
70358 14829 -1
70358 20070 6
70358 22254 1
70358 25347 1
70358 27029 1
70358 31061 1
70358 31443 -4
70358 35379 4
70358 38075 2
70358 39265 1
70358 41493 1
70358 45326 5
70358 51921 -1
70358 61154 1
70358 62891 4
70358 65914 3
70358 71929 1
70358 74350 1
70358 84910 1
70358 91777 1
70358 95679 1
70358 98891 2
70358 740 1
70358 5807 1
70358 15784 -1
70358 17446 1
70358 31508 2
70358 50929 3
70358 59527 1
70358 87025 1
70358 91070 1
70358 99976 1
70358 64428 2
70358 26612 1
70358 65667 -1
70358 2179 1
70358 8343 1
70358 14081 9
70358 97244 5
70358 52438 1
70358 2094 2
70358 92015 1
70358 33611 -1
70358 91307 -1
70358 11691 1
70358 45664 1
70358 59540 1
70358 91636 1
70358 26634 1
70358 87646 1
70358 6382 1
70358 12426 1
70358 35223 1
70358 79793 1
70388 77044 -1
70388 15784 -2
70388 91629 -2
70388 62600 -1
70388 78285 -1
70388 14081 -1
70388 94691 -1
70388 34830 -1
71832 96292 -1
71929 3777 -1
71929 8279 -1
71929 10008 1
71929 10439 3
71929 13019 1
71929 14051 1
71929 14829 -3
71929 16151 2
71929 20070 2
71929 21112 5
71929 21523 1
71929 24416 1
71929 24873 -1
71929 25347 3
71929 31061 1
71929 31401 -1
71929 31443 -8
71929 35379 6
71929 37635 1
71929 38075 8
71929 39196 1
71929 39265 2
71929 40491 -1
71929 43531 5
71929 44259 1
71929 45326 2
71929 51502 -2
71929 51921 -1
71929 59808 -1
71929 61154 2
71929 63756 -1
71929 64506 -1
71929 65914 4
71929 67907 -1
71929 70358 1
71929 71832 -3
71929 78094 1
71929 79421 -1
71929 80452 -2
71929 81805 1
71929 82849 2
71929 85464 -6
71929 86596 -1
71929 88339 2
71929 89621 1
71929 90052 -5
71929 92593 -7
71929 95165 -1
71929 95679 1
71929 96292 1
71929 98891 6
71929 98992 -2
71929 5212 1
71929 5807 2
71929 9412 -2
71929 11331 4
71929 27727 1
71929 31508 1
71929 43440 2
71929 47536 1
71929 48363 1
71929 50929 9
71929 67190 2
71929 69280 2
71929 76558 -1
71929 77700 -2
71929 86558 -1
71929 87342 1
71929 91128 1
71929 91629 -1
71929 62600 -2
71929 64428 1
71929 26612 1
71929 69894 2
71929 65667 -4
71929 89028 -3
71929 17283 -1
71929 78285 -9
71929 83439 -4
71929 2179 1
71929 14081 7
71929 52438 1
71929 53557 1
71929 61070 6
71929 60604 -1
71929 84159 -5
71929 2094 6
71929 73269 -3
71929 17792 2
71929 41884 4
71929 48837 1
71929 34123 1
71929 72927 -1
71929 42906 -1
71929 38885 -1
71929 33611 -1
71929 63469 -4
71929 29745 1
71929 5085 1
71929 91307 -1
71929 49899 -4
71929 47142 -1
71929 38567 1
71929 11691 1
71929 48568 1
71929 91636 2
71929 94377 2
71929 26009 -1
71929 43341 -2
71929 39392 -2
71929 62076 1
71929 3256 2
71929 33757 -1
71929 3821 -4
71929 28139 -1
71929 11429 2
71929 41590 -1
71929 58318 -1
71929 62979 -1
71929 80461 -2
71929 12426 1
71929 3759 1
71929 16452 1
71929 44484 1
71929 58910 1
72371 5400 -1
72371 23396 1
72371 85464 1
72371 65667 1
72371 78285 1
73037 4054 2
73037 5400 1
73037 9501 1
73037 10008 3
73037 10439 1
73037 14051 1
73037 16151 3
73037 20070 6
73037 21112 2
73037 22254 2
73037 23396 -1
73037 24416 4
73037 25347 2
73037 27029 4
73037 27323 2
73037 31061 2
73037 31443 -3
73037 35379 3
73037 36614 1
73037 38075 13
73037 39265 8
73037 41493 3
73037 43531 9
73037 44259 2
73037 44651 7
73037 45326 2
73037 51147 1
73037 51921 -1
73037 52682 3
73037 53260 1
73037 61154 1
73037 62891 1
73037 65914 8
73037 68001 1
73037 70344 -1
73037 70358 2
73037 71929 4
73037 74350 1
73037 81805 1
73037 82849 1
73037 88339 1
73037 90052 -2
73037 91777 1
73037 92593 -1
73037 95679 1
73037 96292 2
73037 98891 4
73037 98992 -2
73037 5807 1
73037 6091 1
73037 8010 2
73037 9412 -4
73037 15784 -1
73037 16367 1
73037 25613 1
73037 31508 2
73037 43440 3
73037 50929 3
73037 69280 1
73037 77332 1
73037 91093 1
73037 64428 1
73037 26612 4
73037 65667 -3
73037 78285 -1
73037 83439 -1
73037 2179 3
73037 8343 2
73037 14081 12
73037 97244 2
73037 52438 3
73037 61070 2
73037 2094 2
73037 17792 2
73037 92015 1
73037 33611 -2
73037 29745 2
73037 84052 1
73037 11691 1
73037 45664 1
73037 43995 1
73037 59540 2
73037 65968 1
73037 91636 1
73037 94377 2
73037 62076 1
73037 26634 2
73037 4821 1
73037 41658 -1
73037 12426 1
73037 2515 1
73037 34021 1
73099 38075 -2
73099 43531 -2
73099 44651 -2
73099 45326 -1
73099 59808 1
73099 65914 -1
73099 70358 -1
73099 71929 -1
73099 85464 4
73099 95679 -3
73099 96292 -2
73099 98891 -2
73099 20162 -1
73099 31508 -1
73099 42862 -1
73099 50929 -3
73099 57854 -1
73099 59527 -1
73099 64428 -1
73099 65667 2
73099 2179 -1
73099 14081 -2
73099 97244 -1
73099 61070 -2
73099 2094 -2
73099 48572 -1
73099 11691 -1
73099 45664 -2
73099 91636 -1
73099 62076 -1
73099 3256 -1
73099 10697 -1
73099 24124 -1
73099 97770 -1
74025 3777 -1
74025 21112 1
74025 24416 1
74025 35379 1
74025 38075 2
74025 39265 1
74025 43531 1
74025 44651 1
74025 62891 1
74025 65914 1
74025 71929 1
74025 8010 1
74025 50929 1
74025 59527 1
74025 8343 1
74025 14081 1
74025 97244 1
74025 61070 1
74350 14051 1
74350 20070 1
74350 21112 2
74350 25347 1
74350 35379 1
74350 38075 4
74350 39265 2
74350 41493 1
74350 43531 2
74350 59808 -1
74350 62891 1
74350 65914 2
74350 740 1
74350 6091 1
74350 31508 1
74350 50929 1
74350 26612 1
74350 65667 -1
74350 14081 1
74350 61070 1
74350 2094 1
74350 85679 -1
74350 12426 1
74517 49768 1
74517 51921 2
74517 65914 -1
74517 74350 -1
74517 79421 1
74517 98230 1
74517 65667 2
74517 14081 -1
74517 47142 1
75082 14051 1
75082 16151 1
75082 20070 3
75082 21112 1
75082 25347 1
75082 27029 1
75082 38075 9
75082 39265 2
75082 41493 1
75082 43531 2
75082 44651 1
75082 52682 2
75082 65914 2
75082 73037 1
75082 74350 1
75082 78094 1
75082 31508 1
75082 50929 1
75082 57854 1
75082 65667 -1
75082 8343 1
75082 14081 3
75082 52438 1
75082 84159 -1
75082 17792 1
75082 87102 1
75082 48568 1
75082 91636 1
75082 55131 -1
75274 65914 -1
75274 74350 -1
75274 94161 1
75274 14081 -1
75274 61070 -1
75274 39854 1
75325 81805 -1
76254 16151 -1
76936 53557 -1
77044 15784 4
77044 91629 3
77044 62600 2
77044 78285 3
77044 14081 1
77044 72927 2
77044 24191 -1
77044 28139 1
77271 65667 1
77271 60930 -1
77981 8279 2
77981 10439 -1
77981 13019 -1
77981 14051 -1
77981 20070 -2
77981 21112 -1
77981 24418 1
77981 34905 1
77981 37307 2
77981 38075 -3
77981 41493 -1
77981 42390 1
77981 43531 -1
77981 44259 -1
77981 51147 1
77981 51502 1
77981 51921 7
77981 52682 -1
77981 59808 1
77981 61154 -1
77981 63756 2
77981 65914 -2
77981 71832 1
77981 71929 -2
77981 74350 -1
77981 81805 -1
77981 85464 2
77981 94161 2
77981 95679 -1
77981 96292 -1
77981 98891 -8
77981 12009 1
77981 50929 -4
77981 57854 -2
77981 59527 -1
77981 76558 1
77981 78572 -1
77981 26612 -2
77981 65667 6
77981 78285 6
77981 8343 -1
77981 14081 -7
77981 52438 -2
77981 982 2
77981 84159 1
77981 98279 -2
77981 2094 -4
77981 73269 1
77981 48837 -2
77981 60930 -1
77981 87102 -1
77981 81005 -2
77981 48572 -1
77981 33611 1
77981 63469 1
77981 29745 -2
77981 5085 -1
77981 47142 1
77981 11691 -2
77981 43995 -1
77981 23537 1
77981 43341 3
77981 39392 1
77981 29261 1
77981 6382 -1
77981 15725 -1
77981 31902 -1
77981 48550 -1
77981 26114 2
77981 82942 1
78094 3777 -2
78094 20070 1
78094 24416 1
78094 31443 -4
78094 35379 1
78094 38075 5
78094 39265 3
78094 41493 1
78094 43531 1
78094 44259 1
78094 51921 -1
78094 61154 2
78094 62891 1
78094 65914 3
78094 71929 1
78094 74350 1
78094 80452 -1
78094 82849 1
78094 90052 -3
78094 50929 1
78094 69280 1
78094 90125 2
78094 26612 1
78094 65667 -1
78094 14081 1
78094 61070 3
78094 86421 1
78094 98279 -1
78094 2094 1
78094 73269 -1
78094 17792 1
78094 48837 1
78094 60930 1
78094 94377 1
78094 62076 1
78094 12426 1
78094 79793 1
78094 96263 1
78151 13019 -1
78151 51147 1
78151 65667 2
78151 47142 1
78741 16151 -1
78741 51147 1
78741 65667 2
78741 72970 1
78887 31443 -1
79350 11630 -2
79350 5406 -1
79350 9412 -2
79350 20162 -2
79350 90212 -2
79350 61070 1
79350 60604 -1
79421 8279 1
79421 20070 -1
79421 22254 -1
79421 36614 -1
79421 38075 -2
79421 42390 1
79421 43531 -1
79421 44259 -1
79421 51921 1
79421 52682 -1
79421 62891 -1
79421 63756 1
79421 65914 -3
79421 74350 -1
79421 81805 -1
79421 85464 6
79421 50929 -1
79421 78572 -1
79421 26612 -2
79421 65667 3
79421 17792 -1
79421 48572 -1
79421 49899 1
79421 47142 1
79421 26276 1
80096 65667 1
80096 14081 -1
80452 3777 1
80452 13019 -1
80452 14051 -2
80452 16151 -1
80452 21112 -1
80452 21523 -1
80452 35379 -1
80452 37307 1
80452 38075 -3
80452 45957 -1
80452 51502 2
80452 51921 1
80452 61154 -2
80452 63756 1
80452 65914 -6
80452 85464 11
80452 92593 1
80452 95679 -1
80452 96292 -1
80452 98230 1
80452 98992 1
80452 5212 -1
80452 15784 1
80452 27727 -1
80452 42862 -1
80452 43440 -2
80452 50929 -1
80452 54306 1
80452 62600 1
80452 64428 -1
80452 65667 10
80452 17283 1
80452 8343 -1
80452 14081 -1
80452 982 2
80452 2094 -2
80452 73269 1
80452 24191 -1
80452 91307 1
80452 49899 1
80452 94691 1
80452 20284 -1
80452 39392 2
80452 19888 -1
80452 33109 -1
80452 60246 1
80452 73367 1
80452 23844 1
80452 21168 1
80452 17533 1
80466 20070 1
80466 36614 1
80466 62891 1
80466 65914 1
80466 71929 1
80466 26612 1
80466 61070 2
80466 23537 -1
81260 8279 -1
81260 14051 1
81260 20070 2
81260 21112 1
81260 23396 -1
81260 25347 2
81260 31061 1
81260 31443 -1
81260 35379 1
81260 38075 9
81260 39265 3
81260 42390 -1
81260 43531 1
81260 51921 -1
81260 52682 1
81260 61154 1
81260 62891 1
81260 65914 2
81260 70344 -1
81260 71929 1
81260 74350 2
81260 79421 -1
81260 81805 2
81260 82849 1
81260 85464 -1
81260 98891 1
81260 98992 -1
81260 5406 1
81260 35171 1
81260 46223 1
81260 50929 1
81260 99976 1
81260 65667 -5
81260 14081 2
81260 97244 1
81260 48572 1
81260 33611 -1
81260 97739 -1
81260 91636 1
81260 26634 1
81805 9501 2
81805 20070 1
81805 38075 1
81805 39265 1
81805 9412 -1
81805 14081 1
82083 44259 1
82083 65667 -1
82083 62076 1
82215 34098 1
82215 61020 -1
82215 43898 -1
82215 93177 1
82849 51921 -1
82849 2094 1
82864 3777 1
82864 6099 1
82864 7691 1
82864 8279 1
82864 9501 -1
82864 13019 -1
82864 20070 -2
82864 21112 -1
82864 22254 -1
82864 23396 1
82864 35379 1
82864 36614 -1
82864 38075 -5
82864 43531 -1
82864 44651 -1
82864 49768 1
82864 51921 3
82864 52682 -2
82864 59808 1
82864 61154 -1
82864 65914 -1
82864 70358 -1
82864 71929 -2
82864 73099 2
82864 74350 -1
82864 81805 -1
82864 85464 2
82864 94161 1
82864 95165 1
82864 95679 -1
82864 95845 1
82864 96292 -2
82864 98230 2
82864 20162 -1
82864 50929 -2
82864 89508 1
82864 26612 -2
82864 65667 10
82864 17283 1
82864 78285 4
82864 8343 -1
82864 14081 -3
82864 52438 -1
82864 982 1
82864 60604 1
82864 98279 -1
82864 73269 2
82864 17792 -1
82864 49489 -1
82864 81273 1
82864 42906 2
82864 38885 3
82864 92015 -1
82864 33611 1
82864 63469 2
82864 52660 1
82864 29745 -2
82864 84052 -3
82864 91307 1
82864 47142 1
82864 19391 -1
82864 20284 -1
82864 29261 1
82864 85679 1
82864 56168 -1
82864 27899 -1
82864 42921 -1
82864 47207 -1
82864 69832 -1
82864 87816 -1
82864 44062 1
82864 26276 1
82864 23844 1
82864 25701 1
82864 82942 1
82864 60415 1
82864 67898 1
83568 74350 -1
83568 95679 -1
83568 65667 1
83747 16151 -2
83747 28873 -1
83747 49900 -1
83747 86132 -1
83933 38075 -1
83933 43531 -1
83933 51921 1
83933 73099 1
83933 90052 1
83933 65667 2
83933 14081 -1
84060 10439 1
84060 38075 1
84060 65914 1
84060 9412 -1
84060 26612 1
84910 10008 2
84910 21112 2
84910 38075 1
84910 44651 1
84910 65914 1
84910 6091 1
84910 65667 -1
84910 2179 1
84910 14081 1
84910 1251 1
84940 17283 -1
85464 20070 -1
85464 34905 1
85464 36614 -1
85464 38075 -3
85464 40491 1
85464 43531 -1
85464 44651 -1
85464 51147 1
85464 51921 2
85464 59808 2
85464 65914 -1
85464 71929 -1
85464 73099 1
85464 74350 -2
85464 79421 1
85464 80452 1
85464 95679 -1
85464 98230 2
85464 5212 -1
85464 9412 1
85464 15784 1
85464 43440 -1
85464 50929 -2
85464 26612 -2
85464 65667 9
85464 78285 3
85464 8343 -1
85464 14081 -2
85464 982 1
85464 98279 -1
85464 2094 -1
85464 73269 1
85464 17792 -1
85464 48837 -1
85464 38885 1
85464 84052 -1
85464 47142 2
85464 29261 1
85464 36338 -1
85464 23722 1
85464 21168 1
86011 35379 1
86011 15784 -1
86011 62600 -1
86011 61070 2
86011 28156 1
86596 14051 -1
86596 14529 1
86596 20070 -3
86596 21112 -1
86596 22254 -1
86596 31061 -1
86596 31443 2
86596 37307 1
86596 38075 -3
86596 39265 -1
86596 42390 1
86596 43531 -1
86596 44651 -4
86596 45110 1
86596 51921 2
86596 52682 -1
86596 61154 -1
86596 63756 1
86596 65914 -3
86596 70358 -1
86596 71929 -2
86596 74350 -4
86596 82849 -1
86596 85464 3
86596 90052 1
86596 95165 1
86596 98891 -2
86596 98992 1
86596 15784 2
86596 50929 -3
86596 64428 -1
86596 26612 -1
86596 65667 7
86596 83439 1
86596 8343 -1
86596 14081 -3
86596 42906 1
86596 33611 1
86596 29745 -1
86596 5560 -2
86596 60279 -1
86596 47142 2
86596 94377 -1
86596 39392 2
86596 6382 -1
86596 18544 -1
86596 95846 -1
86596 26114 1
86596 7840 1
86596 25701 1
86596 69468 1
86755 3777 -1
86755 25347 1
86755 31061 1
86755 35379 5
86755 38075 3
86755 39265 1
86755 43531 3
86755 62891 1
86755 65914 2
86755 81805 1
86755 82849 1
86755 96292 1
86755 46223 1
86755 50929 1
86755 57854 1
86755 65667 -1
86755 14081 1
86755 97244 1
86755 2094 2
86755 34882 1
86755 8437 1
87191 5400 1
87191 9501 1
87191 21112 1
87191 22254 1
87191 27029 1
87191 34098 1
87191 35379 1
87191 38075 1
87191 39265 1
87191 51921 -1
87191 62891 1
87191 65914 2
87191 71929 1
87191 90052 -2
87191 96292 1
87191 5212 1
87191 6091 1
87191 8010 1
87191 43440 1
87191 69280 1
87191 26612 2
87191 83439 -1
87191 8343 1
87191 14081 1
87191 97244 1
87191 61070 1
87191 2094 2
87191 12426 1
87191 35223 1
87191 93349 1
88081 3777 2
88081 14829 2
88081 22254 -1
88081 24416 -1
88081 31443 1
88081 37307 1
88081 51921 1
88081 54278 1
88081 59808 1
88081 98230 1
88081 62600 1
88081 65667 3
88081 14081 -3
88081 73269 3
88081 34123 -1
88081 39392 1
88081 26114 1
88339 16151 1
88339 35379 1
88339 71929 1
88339 85464 -1
88339 14081 1
88567 74350 -1
88567 98230 1
88567 61070 -1
89614 3777 1
89614 18424 1
89614 36614 -1
89614 38075 -1
89614 43531 -1
89614 51147 1
89614 59808 1
89614 65667 2
89614 14081 -1
89614 81005 -1
89614 94377 -1
89614 45551 -1
89614 82942 1
89621 4054 1
89621 14051 1
89621 14829 -1
89621 20070 2
89621 23381 1
89621 31443 -4
89621 35379 1
89621 38075 1
89621 44651 2
89621 51921 -1
89621 65914 1
89621 68001 1
89621 71929 1
89621 98891 1
89621 98992 -1
89621 50929 1
89621 64428 1
89621 14081 1
89621 97244 1
89621 2094 1
89621 67452 -1
89621 94377 1
89621 12426 1
89621 25002 1
89621 28062 1
90052 38075 -1
90052 73099 1
90052 65667 2
90052 14081 -1
90172 52682 -1
90172 17494 -1
90379 71929 1
90379 9412 -1
91408 3777 -1
91408 24416 3
91408 38075 1
91408 40491 -1
91408 43531 1
91408 44651 1
91408 61154 1
91408 71929 2
91408 82849 1
91408 92593 -4
91408 96292 1
91408 9412 -1
91408 50929 1
91408 89028 -1
91408 97244 2
91408 61070 1
91408 2094 1
91408 62076 1
91408 11429 2
91408 19407 1
91574 8279 3
91574 13019 -1
91574 16151 -1
91574 23396 1
91574 26900 -1
91574 31443 1
91574 36614 -1
91574 38075 -1
91574 40491 1
91574 42390 1
91574 45326 -2
91574 51921 1
91574 62891 -1
91574 65914 -3
91574 70358 -1
91574 74350 -2
91574 81805 -1
91574 85464 1
91574 87191 -1
91574 92593 1
91574 96292 -2
91574 50929 -1
91574 51117 -1
91574 59527 -1
91574 79725 -1
91574 26612 -2
91574 65667 7
91574 14081 -4
91574 97244 -1
91574 15867 1
91574 47142 3
91574 88784 -1
91574 72970 1
91574 29261 1
91574 1809 -1
91574 35491 1
91777 31443 -1
91777 35379 1
91777 38075 2
91777 39265 1
91777 52682 1
91777 62891 3
91777 65914 1
91777 74350 1
91777 81805 1
91777 82849 1
91777 77332 2
91777 26612 3
91777 82273 1
91777 59540 1
91841 78285 1
91841 14081 1
91841 2094 1
91841 38567 -1
92593 34905 1
92593 38075 -3
92593 40491 2
92593 43531 -6
92593 62891 -1
92593 65914 -3
92593 71929 -3
92593 85464 1
92593 91408 -4
92593 98992 1
92593 9412 1
92593 15784 2
92593 50929 -3
92593 76558 1
92593 65667 5
92593 89028 4
92593 78285 1
92593 83439 1
92593 61070 -1
92593 2094 -2
92593 73269 1
92593 48837 -1
92593 24191 -3
92593 38567 -1
92593 11429 -3
92593 19407 -1
92809 8279 3
92809 14051 -1
92809 20070 -1
92809 23396 1
92809 24416 -1
92809 31061 -1
92809 38075 -4
92809 44651 -1
92809 49768 1
92809 51147 4
92809 51921 1
92809 52682 -1
92809 59808 1
92809 72371 1
92809 74350 -3
92809 85464 1
92809 98230 1
92809 50929 -1
92809 86558 1
92809 26612 -1
92809 65667 11
92809 78285 1
92809 83439 1
92809 14081 -2
92809 73269 3
92809 60930 -1
92809 12214 1
92853 44651 -1
93293 14081 -1
94055 9412 -1
94161 14051 -1
94161 38075 -1
94161 51921 1
94161 98992 1
94161 65667 3
94178 5400 1
94178 9501 1
94178 14051 1
94178 20070 2
94178 21112 1
94178 25347 1
94178 36614 1
94178 38075 4
94178 39265 4
94178 43531 1
94178 44651 2
94178 51921 -2
94178 57491 -1
94178 62891 1
94178 68001 1
94178 70344 -1
94178 71929 1
94178 74350 1
94178 81805 1
94178 90052 -1
94178 91777 1
94178 43440 1
94178 50929 1
94178 26612 1
94178 65667 -1
94178 83439 -1
94178 61070 1
94178 38885 -1
94178 59540 1
94178 29261 -1
94178 35701 -1
94390 11630 -1
94390 35379 1
94390 61314 1
94390 9412 -3
94390 62600 1
94390 13427 1
94508 6099 1
94508 20070 -1
94508 31443 1
94508 51502 1
94508 70358 -1
94508 74350 -1
94508 85464 1
94508 98992 1
94508 65667 1
95165 5887 2
95165 96292 -1
95165 98992 4
95165 23940 -1
95165 50929 -1
95165 63503 1
95165 65667 2
95165 78285 1
95165 14081 -2
95165 2094 -1
95165 42906 1
95165 38885 1
95165 33611 2
95165 62351 1
95165 52170 1
95165 45664 -2
95165 17494 -1
95165 78781 -1
95165 1691 -1
95165 31044 -1
95165 39568 -1
95165 76496 1
95165 95761 1
95215 38075 -1
95215 39196 -1
95215 65914 -1
95215 50929 -1
95215 65667 2
95215 43995 -1
95513 3777 -2
95513 24416 1
95513 25347 1
95513 35379 3
95513 38075 4
95513 44651 2
95513 45326 1
95513 65914 1
95513 67907 -5
95513 71929 3
95513 98891 1
95513 5212 1
95513 50929 1
95513 89508 1
95513 62600 1
95513 65667 1
95513 78285 2
95513 14081 1
95513 61070 3
95513 30638 1
95513 48286 1
95513 78244 1
95513 78781 1
95513 60246 1
95513 93526 1
95513 29538 1
95513 35223 1
95513 66845 1
95513 93349 1
95549 14829 -1
95679 16151 1
95679 38075 3
95679 85464 -1
95679 14081 1
95679 61070 1
95845 8279 1
95845 22254 -1
95845 34905 2
95845 40491 1
95845 51147 1
95845 51921 4
95845 59808 1
95845 63756 2
95845 73099 2
95845 74350 -1
95845 85464 1
95845 90052 1
95845 98230 1
95845 7113 1
95845 40827 1
95845 26612 -1
95845 65667 16
95845 78285 1
95845 42906 1
95845 47142 3
95845 52170 1
95845 43341 1
95845 39392 1
95845 72970 1
95845 29261 1
95845 31044 -1
95845 26114 1
95845 72212 1
95845 26276 1
95845 78718 1
95845 91763 1
95936 7482 -1
96198 20284 -1
96292 21523 1
96292 35379 2
96292 43531 1
96292 80452 -1
96292 14081 1
97387 98891 -1
98230 3777 2
98230 23396 1
98230 34905 1
98230 38075 -2
98230 51147 1
98230 51921 1
98230 61314 -2
98230 85464 7
98230 96292 -1
98230 98891 -2
98230 5212 -1
98230 16786 2
98230 43202 1
98230 86558 1
98230 65667 5
98230 78285 4
98230 61070 -2
98230 73269 1
98230 38885 1
98230 47142 1
98230 60127 1
98230 41248 1
98230 30204 -1
98230 78933 1
98230 85305 1
98230 59129 -1
98230 52666 2
98230 73367 1
98230 86847 1
98230 47697 1
98254 20070 1
98254 22254 1
98254 45326 1
98254 61314 1
98254 71929 1
98254 65667 -1
98254 8343 1
98254 2094 2
98254 42921 1
98254 66845 1
98891 38075 1
98891 45326 3
98891 59808 -1
98891 73037 1
98891 89621 1
98891 96292 1
98891 50929 1
98891 14081 1
98891 84159 -1
98891 11691 1
98992 3777 3
98992 12549 -1
98992 13019 -1
98992 22254 -1
98992 24416 -1
98992 31061 -1
98992 38075 -2
98992 40491 1
98992 43531 -3
98992 45326 -1
98992 63738 -1
98992 65914 -1
98992 74350 -1
98992 85464 1
98992 90052 1
98992 94161 1
98992 95165 4
98992 95679 -1
98992 98891 -1
98992 12009 1
98992 15784 3
98992 43440 -1
98992 50929 -1
98992 57854 -1
98992 62600 1
98992 65667 7
98992 2179 -1
98992 14081 -2
98992 84159 1
98992 2094 -5
98992 73269 1
98992 24191 -1
98992 47142 1
98992 45664 -1
98992 26634 -1
98992 69838 -1
98992 95236 -1
98992 72212 1
99237 38075 -1
99237 92593 1
0 5085 1
740 38075 1
1351 71929 1
1351 98891 1
1351 14081 1
1351 2094 1
1396 62891 1
1460 38075 1
1460 39265 1
1855 2094 1
2176 65667 1
2965 34098 1
2965 15976 1
3017 78285 1
3017 38885 1
3149 13019 1
3149 35379 1
3149 38075 2
3149 41493 1
3149 62891 1
3149 31508 1
3149 69280 1
3149 48568 1
3149 95872 1
3360 38075 1
4060 2094 1
5090 35379 1
5090 59527 1
5188 85305 1
5212 38075 1
5406 16786 1
5406 94384 1
5406 60604 1
5509 65667 1
5509 78285 1
5695 65667 2
5695 73269 1
5695 63786 1
5695 85305 1
5807 5400 1
5807 24416 1
5807 98891 1
5807 50929 1
5807 59540 1
5979 89508 1
6091 35379 1
6426 38075 1
6482 65667 1
6540 95061 2
6540 79852 3
6554 94384 1
7113 65667 1
7881 62600 1
7881 85305 1
8010 16151 1
8010 20070 1
8010 43531 1
8010 14081 1
8010 59129 1
8824 35379 1
8824 38567 1
9077 61070 1
9138 40491 1
9138 51921 1
9138 92593 1
9138 95165 1
9138 9412 1
9138 62600 1
9138 65667 4
9138 63469 1
9138 72970 1
9138 14731 1
9412 89508 1
9412 93633 4
9825 38075 1
9825 61070 1
9954 24416 2
9954 38075 3
9954 62891 1
9954 81805 1
9954 8010 1
9954 16367 1
9954 56982 1
10496 23844 1
10664 65667 1
11305 28156 1
11331 71929 1
11331 82849 1
11870 20070 1
11870 2094 1
12009 65667 1
12009 38060 1
12037 46223 1
12455 77455 1
12455 52666 1
12705 20070 1
12705 38075 1
12705 61070 1
13127 89508 1
13198 38075 1
13198 82849 1
13198 89508 1
13198 61070 2
14492 9501 1
14492 21112 1
14492 14081 1
14805 26612 1
15784 78285 1
16367 20070 1
16367 38075 3
16367 43531 1
16367 8010 1
16367 14081 1
16367 2094 1
16786 9412 2
16786 89508 1
16786 90212 1
16786 78285 1
16786 60604 1
16786 41248 1
16786 85305 1
16786 52666 1
16786 73367 1
16786 728 1
16786 3807 1
17012 65667 1
17446 35379 1
17446 65914 1
17446 97244 1
17446 12426 1
18213 34882 1
18397 65667 2
18479 59808 1
18479 65667 1
20162 76123 1
20162 33042 1
20162 35832 1
20162 73367 1
22040 42906 1
22544 35379 1
22544 68002 1
23383 38075 1
23383 52682 1
23383 14081 1
23940 2094 2
24881 65667 1
25391 35379 1
25551 35379 1
25613 38075 1
25613 44259 1
25613 50929 1
25613 14081 1
25613 53557 1
25613 61070 1
25613 86421 1
25613 2094 1
27225 38075 1
27225 97244 1
27627 51921 1
27627 65667 1
27727 35379 1
27727 39265 1
27727 71929 1
27727 61070 1
28485 35379 1
28485 2094 1
28545 65667 1
28721 51921 1
28721 59808 1
28721 98230 1
28721 65667 4
28721 47142 1
29889 65667 1
29930 57854 1
30082 26612 1
30202 21112 1
30202 25347 1
30202 35379 1
30202 44651 1
30494 21112 1
30587 9501 1
30587 16151 1
30587 38075 2
30587 44651 1
30587 740 1
30587 59527 1
30587 89508 1
30587 26612 1
30587 8343 1
30587 61070 1
30836 38075 1
30836 62076 1
31508 20070 1
31508 38075 1
31508 71929 1
31508 14081 1
31508 97244 1
31575 65667 1
31575 73269 1
31698 16786 1
31930 20070 1
31930 50929 1
31978 52438 1
32002 16786 1
32002 2040 1
32711 59808 1
32711 65667 1
32711 78285 1
32711 61070 1
32928 35379 1
32928 8343 1
33247 65914 1
33247 14081 1
34333 24416 1
34333 35379 1
34333 36614 1
34333 38075 2
34333 39265 1
34333 41493 1
34333 43531 2
34333 62891 1
34333 65914 3
34333 74350 1
34333 81805 1
34333 82849 2
34333 96292 2
34333 5212 1
34333 46223 1
34333 50929 1
34333 57854 1
34333 59527 1
34333 89508 1
34333 62600 1
34333 97244 1
34333 61070 5
34333 8766 1
34333 55426 1
34333 88632 1
34333 48286 1
34333 11804 1
34333 37611 1
34333 35223 1
34392 65667 1
35171 38075 1
35171 14081 1
35171 62076 1
35973 45326 1
36088 38075 2
37181 65667 1
37316 59808 1
37316 65667 1
37316 49899 1
38559 38075 1
38794 61070 1
39202 61070 1
39292 59527 1
39292 8343 1
39292 61070 1
39292 94377 1
39390 98891 1
40031 47597 2
40078 51921 1
40078 12009 1
40827 65667 1
40827 78285 1
40949 16151 2
40949 35379 1
40949 38075 1
41167 38075 1
41324 9191 1
41376 20070 1
41376 38075 1
41376 39265 1
41376 44651 2
41376 65914 2
41376 14081 1
41376 81518 1
41560 89508 1
41560 78285 1
42343 65667 1
42343 78285 1
42343 23844 1
42665 28647 1
42862 8343 1
43053 52018 1
43053 82849 1
43053 98230 1
43053 13127 1
43053 16786 2
43053 59527 1
43053 94384 1
43053 62600 1
43053 60604 1
43053 60127 1
43053 94691 2
43053 85305 1
43053 55426 1
43053 20174 1
43053 33042 1
43053 35832 1
43053 52666 1
43053 73367 1
43053 4810 1
43053 29538 1
43053 2040 1
43053 70267 1
43053 66196 1
43053 83402 1
43202 65914 1
43202 14081 1
43265 15784 1
43440 20070 1
43440 38075 1
43440 96292 1
43440 14081 1
44097 5400 1
44097 52682 1
44097 65914 1
44462 85305 1
44462 2494 1
46223 97244 1
46494 9412 1
47536 96292 1
47536 97244 1
47597 40031 2
48139 61070 1
48321 24416 1
48321 43440 1
48321 37611 1
48363 38075 1
48363 71929 1
48363 90125 1
48363 2094 1
48363 94377 1
48558 51921 1
48650 35379 1
48650 34882 1
48992 65667 1
49047 38075 3
49524 96292 1
49537 78285 1
49537 33042 1
49537 60246 1
49857 51921 1
49857 89508 1
50084 39265 1
50084 15784 1
50866 9412 1
50929 20070 1
50929 44651 1
51117 38075 1
51117 26612 1
51117 94377 1
52235 65667 1
53228 34905 1
53244 98891 1
53244 26634 1
53383 44651 1
53383 61070 1
53454 65667 1
54148 71929 1
54306 51921 1
54306 62600 1
54306 65667 1
54715 12009 1
54715 78285 1
54911 3777 1
54911 65667 3
55181 14081 1
56309 36115 1
56874 89508 1
56874 61070 1
57113 20070 1
57113 24416 2
57113 25508 1
57113 35379 1
57113 38075 1
57113 5212 2
57113 8343 1
57113 97244 1
57113 37225 1
57113 12426 1
57113 35223 1
57113 68002 1
57854 35379 1
57854 62600 1
58194 65667 1
58463 62600 1
58463 65667 1
58463 60127 1
59527 35379 1
59527 16786 1
59527 89508 1
59527 65667 1
59527 20174 1
59527 21793 1
59527 33042 1
59527 12804 1
59527 43481 1
61098 20070 1
61098 38075 2
61098 39265 1
61098 65914 1
61277 65667 1
62704 11630 1
62704 35379 1
62704 5406 2
62704 59527 1
62704 94384 2
62704 65667 2
62704 78285 1
62704 60127 1
62704 94691 2
62704 51900 1
62704 75650 1
62704 85305 1
62704 20174 1
62704 21793 1
62704 33042 1
62704 35832 1
62704 60246 1
62704 72212 1
62704 29538 1
62704 43481 1
62704 47697 1
62704 93922 1
63029 43898 1
63070 61070 1
63503 3777 1
63503 8279 1
63503 59808 1
63503 65667 1
63503 78285 1
65103 14081 1
65292 38075 1
65292 8343 1
65686 8343 1
65855 16786 1
65855 98903 1
66142 9412 1
66142 89508 1
66142 78285 1
66142 61070 1
66142 34882 1
66744 57854 1
66744 62600 1
66750 43202 1
66750 89508 1
66750 65667 1
66750 78285 1
66750 33042 1
66750 60246 1
67190 69894 2
67510 9412 1
67510 41248 1
67915 8010 1
68401 8993 1
68401 34098 1
68401 57854 1
68401 62600 1
68401 61070 1
68577 24191 1
68726 65667 2
68726 78285 1
69280 44651 1
69976 38075 2
70207 73623 1
70346 8343 1
71639 18720 1
71639 49489 1
71845 9501 1
72969 62600 1
72969 65667 1
72969 26276 1
73623 89508 1
74467 65667 1
74467 78285 1
74467 48286 1
74951 5406 1
74951 60604 1
74951 47697 1
76017 35379 1
76294 31443 1
76294 65667 3
76294 23722 1
76448 94384 1
76448 94691 1
76448 80461 1
76558 31443 1
76558 78285 1
76558 73269 1
76558 33611 1
77171 51921 1
77171 85464 2
77171 32002 1
77171 89508 1
77171 65667 1
77171 63469 1
77332 16151 1
77332 20070 1
77332 35379 1
77332 38075 2
77332 8343 1
77332 61070 2
77384 2094 1
77384 2040 1
77700 63469 1
77955 61314 1
77955 61070 1
77995 51147 1
77995 73037 1
77995 65667 3
78123 38075 1
78376 16151 1
78376 61070 1
78572 20070 1
78572 21112 1
78572 38075 1
79220 38075 1
79220 65914 1
79725 98891 1
79725 2094 1
80574 71929 1
80869 16786 1
80883 38075 1
81779 65667 1
82835 25347 1
82835 38075 1
82835 39265 1
82835 52682 1
82835 65914 1
82835 74350 1
82835 81805 1
82835 82849 2
82835 69280 1
82835 90125 1
82835 91093 1
82835 26612 1
82835 18720 1
82835 48572 1
82835 79793 1
83711 25347 1
84263 39265 1
84263 44651 1
84263 65914 1
84263 14081 1
85201 65667 4
85201 33042 1
86351 78285 1
86508 65667 1
86558 38075 1
86558 43531 1
86746 38075 1
87025 38075 1
87342 38075 1
87342 43531 1
87663 65914 1
88093 6554 1
88093 59527 1
88093 94384 1
88093 62600 1
88093 65667 1
88093 78285 1
88093 94691 1
88093 20174 1
88093 33042 1
88093 60246 1
88518 14051 1
88518 35379 3
88518 65914 1
88518 96292 1
88518 50929 1
88518 97244 1
88518 5085 1
88518 45664 1
88518 78781 1
88518 12426 1
89092 65667 1
89508 11630 1
89508 81805 1
89508 9412 1
89508 13127 1
89508 59527 1
89508 93633 1
89508 94384 1
89508 78285 2
89508 5085 1
89508 48286 1
89508 78781 1
89508 73367 1
89508 2040 1
89508 34021 1
89508 9619 1
90125 24416 1
90125 65914 1
90125 26634 1
90125 17494 1
90125 82019 1
90212 9412 1
90212 16786 2
90212 50866 1
90217 38075 1
90863 62600 1
91070 38075 1
91093 38075 2
91093 62891 1
91128 38075 1
91128 43531 1
91499 35379 1
91499 62600 1
91499 85305 1
91629 15784 1
91629 62600 1
91934 15784 1
91934 91629 1
91934 62600 1
91934 78285 1
92250 61070 1
92314 65914 1
92441 49143 1
92589 13198 1
92589 20345 1
92589 25061 1
92949 25061 1
93633 9412 1
93749 57787 1
93786 9501 1
93786 89508 1
93786 93633 1
93786 48572 1
94384 16786 1
94384 89508 1
94384 94691 1
94384 48286 1
94384 4810 1
94577 43531 1
94577 65914 1
94577 90125 1
94577 2094 3
94839 24416 1
94839 35379 1
94839 38075 1
94839 8343 1
94839 61070 1
95061 28156 1
95061 79852 1
95087 38075 1
95087 71929 1
95642 89508 1
96047 35379 1
96047 38075 1
96047 89508 1
96723 38075 1
96723 43531 1
96768 20070 1
96851 52438 1
97436 44651 1
97499 13127 1
97802 57854 1
97898 14051 2
97898 20070 1
97898 21112 1
97898 35379 2
97898 38075 2
97898 65914 2
97898 70358 1
97898 95679 1
97898 31508 1
97898 50929 1
97898 8343 1
97898 14081 1
97898 97244 1
97898 2094 1
97898 84052 1
97898 12426 1
97898 29747 1
97898 34882 1
98208 57216 1
98208 59808 1
98208 65667 1
98208 53236 1
99337 98992 1
99337 65667 1
99832 62600 1
99832 65667 1
99976 35379 1
99976 38075 1
99976 60604 1
99976 3256 1
