152 61467 -1
6716 14829 -1
6716 16088 -2
6716 19811 -1
6716 24191 -1
6716 57912 -1
6716 62600 -1
6716 78285 -1
8455 16786 1
8455 53529 -1
8455 70369 1
8455 9412 1
8455 93633 1
8455 62600 2
9436 53529 -2
9436 6554 1
9436 72927 1
9436 62600 3
9436 71432 1
9436 49143 1
9436 50866 1
9436 84779 1
11630 16786 3
11630 53529 -1
11630 62600 2
11630 94691 2
11810 83523 -2
11810 6554 -1
11810 43693 -1
11810 93633 -1
11810 19811 -1
11810 62600 -1
11810 48004 -1
11810 65667 -1
11810 94691 -1
11810 61070 1
12264 1691 -1
12264 71432 -1
13427 6554 -1
13427 61070 1
14829 57912 1
14829 97263 -1
15156 93633 -2
15156 14081 -1
16624 42584 -1
16624 2494 -1
16624 56830 -1
16786 53529 -2
16786 6554 2
16786 93633 1
16786 62600 2
16786 14081 1
19074 8455 -1
19074 39265 1
19074 93633 -1
19074 62600 -9
19074 94691 -3
19074 62979 -2
19074 29706 3
21523 83523 -1
21523 37685 -1
22362 53529 -1
27407 43693 -1
29857 1691 -1
29857 49489 -1
29857 53557 -1
37936 49489 -1
37936 38556 -1
37936 48572 -1
39265 6716 1
39265 11630 -3
39265 83523 -2
39265 3777 -1
39265 24191 -1
39265 94691 -2
39265 48572 -1
39265 52660 -1
39265 60127 -1
39265 63639 -1
39265 61070 3
39265 11691 1
39458 6554 -1
39458 61467 -1
39458 62600 -1
39458 48572 -1
39458 70806 -1
41604 42343 -1
41604 42584 -1
41604 62600 -2
46494 53529 -1
46972 33411 -1
46972 61070 1
50103 11630 -1
50103 43693 -1
50103 62600 -2
50103 94691 -1
50103 52660 -1
50103 32272 -1
50103 61070 3
51920 19811 -1
51920 48004 -1
51920 22522 -1
51920 25700 -1
51920 41644 -1
51920 53889 -1
51920 77775 -1
51920 93144 -1
51920 20606 1
52557 62600 -1
53529 16786 -1
53529 22362 -1
53529 94691 -1
53570 14081 -1
53570 2094 -1
54426 97263 -1
57272 16786 -1
57272 6554 -2
57272 93633 -1
57272 24191 -1
57272 21358 -1
57272 60279 -1
57272 80642 -1
57272 84071 -1
57272 61070 1
57397 83523 -1
57397 6554 -1
57397 60604 -1
62704 13427 -1
62704 16786 3
62704 70369 1
62704 6554 1
62704 40031 1
62704 61467 1
62704 62600 1
62704 48004 1
62704 65667 1
62704 94691 1
62704 63639 1
62704 728 1
62704 20345 1
62704 42906 1
62704 14615 1
62704 33257 1
62704 83667 1
62704 85068 1
62704 17468 1
65188 33411 -1
65188 94691 -2
65905 53529 -2
65905 72927 2
68480 57912 -1
70369 16786 1
70369 53529 -3
70369 83523 1
70369 40031 1
70369 42343 1
70369 42584 1
70369 85305 1
70369 61467 1
70369 62600 2
70369 2494 1
70369 51229 1
70369 21168 1
70369 43509 1
70369 87381 1
78094 53570 -2
78094 93633 -1
78094 48004 -1
78094 94691 -1
78094 14081 1
78094 2094 2
78094 60604 -2
78094 91307 -1
83523 8455 1
83523 39265 -1
83523 70369 2
83523 89511 -1
83523 2494 1
83560 83523 -1
83560 6554 -1
83560 42584 -1
83560 61467 -1
83560 22841 -1
83560 74121 -1
83560 85545 -1
84452 52660 -1
84452 55670 1
89511 53529 1
89511 72927 -2
89511 94691 -1
89511 20707 -1
90379 89511 1
90379 6554 -1
90379 72927 -1
90379 24191 -1
90379 62600 -1
90379 48572 -1
90379 61070 2
93207 79278 -1
93207 61070 2
94230 62600 -2
94230 71432 -1
94230 72212 -1
94390 42584 -1
94390 61467 -2
94390 94691 -2
94390 48572 -1
94390 60127 -1
94390 23573 -1
94390 74573 -1
94390 14328 1
94508 93144 -1
98663 62600 -1
346 62600 1
650 11630 1
650 16786 2
650 6554 1
650 40031 1
650 93633 1
650 62600 1
650 48004 1
650 65667 1
650 63639 1
650 74573 1
650 9051 1
650 33042 1
650 60246 1
650 76226 1
650 78781 1
1416 70369 1
1416 42343 1
3670 62600 1
3777 6554 2
6554 16786 1
6791 16786 1
6791 24191 1
6791 62600 1
9412 93633 1
10612 16786 1
10612 42343 1
10612 62600 1
10612 48004 1
10612 63639 1
10612 25061 1
10672 42584 1
11177 6554 1
13349 42584 1
13349 728 1
14164 16786 1
14300 61070 1
17383 62600 1
18235 20345 1
19055 62600 1
20519 42343 1
20519 42584 1
20519 62600 2
20519 48004 1
20519 65667 1
20519 2494 1
21395 62600 1
23381 61070 1
23971 62600 1
24416 16786 1
24416 62600 3
24418 9436 1
24418 61467 1
24418 71432 1
24418 53557 1
24418 84071 1
24418 84779 1
24780 78781 1
24780 42906 1
24780 81246 1
24881 42906 1
26848 16786 1
26848 62600 1
26848 48004 1
26848 94691 1
26848 60127 1
26848 728 1
27333 16786 1
27333 6554 1
27333 93633 1
27333 19811 1
27333 41644 1
27333 53889 1
27333 84071 1
30489 6554 1
31900 85305 1
31900 62600 2
31900 94691 1
32002 84071 1
33293 62600 1
33411 62600 2
34764 62600 1
35230 16786 2
35230 62600 2
35230 48004 1
40031 47597 1
40031 62600 1
40031 48004 1
40031 2494 1
41174 51229 1
42343 70369 1
42343 6554 1
42343 42584 1
42343 93633 1
42584 61467 1
42584 14615 1
43053 40031 1
43053 60127 1
43053 63639 1
43053 49143 1
43053 54433 1
43053 75822 1
43053 88612 1
43610 16786 1
43610 6554 1
43610 42584 1
43610 62600 2
43610 48004 1
43610 65667 1
43610 94691 1
43610 42906 1
43610 51229 1
43610 33257 1
43610 43202 1
43669 16786 1
43669 72927 1
43669 48004 1
43693 33042 1
43693 35832 1
44462 60604 1
45105 72927 1
45105 48004 2
47597 40031 1
51400 16786 1
51400 62704 1
51400 62600 1
51400 48004 1
51400 20345 1
53265 6554 1
53454 42584 1
53454 65667 1
53454 60604 1
53454 13968 1
53454 15784 1
53479 65667 1
53479 94691 1
53479 20345 1
53479 75822 1
54911 16786 1
54911 62600 1
56183 62600 1
56183 83667 1
56404 6554 1
56404 36630 1
57473 62600 1
57491 93633 1
57491 48004 1
57491 94691 1
57491 32272 1
57491 60604 2
58243 16786 1
58243 48004 1
58567 65667 1
58567 85068 1
62038 62600 1
65855 70369 1
65855 40031 1
65855 42584 1
65855 47597 1
65855 86944 1
65855 62600 2
65855 65667 1
65855 56830 1
66730 94691 1
67528 48572 1
72927 16786 1
72969 40031 1
72969 29538 1
74467 62600 1
74467 94691 1
74467 63639 1
75274 49143 1
76504 62600 1
76665 62600 1
76665 60127 1
76665 84071 1
76951 62600 1
77271 6554 1
77271 79963 1
77271 87246 1
77271 62600 1
77271 48004 2
77271 65667 2
77271 94691 1
77271 60127 1
77271 63639 1
77271 84071 1
77271 33042 1
77271 42906 1
77271 43202 1
77271 35832 1
77271 17468 1
77271 21793 1
77271 25263 1
77271 52018 1
77404 16786 2
77404 70369 4
77404 83523 2
77404 24416 1
77404 42584 1
77404 47597 2
77404 72927 1
77404 62600 2
77404 48004 2
77404 65667 1
77404 2494 1
77404 60127 1
77404 63639 1
77404 84071 2
77404 25061 1
77404 728 1
77404 33257 1
77404 43202 1
77404 17468 1
77404 43509 1
77404 29538 1
77404 12804 1
77404 44062 1
77404 71316 1
77404 80418 1
77810 16786 1
77810 6554 1
77981 72927 1
77981 21168 1
78887 42584 1
78887 54433 1
79963 62600 1
79963 65667 1
79963 94691 1
79963 33042 1
80085 51229 1
81435 16786 1
81435 24416 1
81435 62600 1
81435 2494 1
81435 23239 1
82019 61070 1
85305 53889 1
85464 62600 1
86944 56830 1
87246 42584 1
87812 40031 1
87870 61070 1
89092 62600 1
89092 63639 1
90212 6554 3
90212 24416 1
90212 40031 1
90212 61467 1
90212 48004 2
90212 2494 1
90212 60127 2
90212 63639 1
90212 84071 1
90212 33042 1
90212 49143 1
90212 20345 1
90212 21793 1
90212 12804 1
90212 99087 1
90475 33257 1
91128 48004 1
91758 40031 1
91758 62600 1
91777 62600 1
91934 24191 1
91934 57912 1
91934 48004 1
93066 51229 1
93633 9412 3
93633 14081 1
95513 6554 1
95642 42584 1
95642 61467 1
96351 62600 1
99612 62600 1
99976 62600 1
99976 48004 2
99976 65667 1
99976 60127 1
99976 63639 1
99976 84071 1
99976 33042 1
99976 85068 1
99976 17468 1
