505 94691 1
505 61070 -1
505 6554 1
505 25263 1
1358 62600 -1
1855 94691 -1
1855 62600 -1
1855 60604 -1
9501 16088 -1
9501 94691 -1
9501 61070 1
9501 14081 -1
9501 15608 -2
11604 91486 -1
11604 94691 -1
11604 61070 1
11604 14081 -3
11604 61467 -1
11604 71508 -1
11604 78285 -4
11604 92401 -1
11810 94691 -1
11810 62600 -1
11810 20345 -1
16786 61070 -1
16786 6554 1
16786 84104 1
19074 9501 5
19074 3777 -2
19074 94691 -1
19074 14081 -2
19074 15608 -5
19074 2494 -2
19074 19888 -1
19074 71480 -1
19074 41477 1
23381 16786 -1
23381 61070 1
23381 72927 -1
23381 97263 -1
23381 99986 -1
25508 72927 -1
25508 57854 -3
25508 91669 -2
30100 61467 -1
30100 71432 -3
30202 94691 -1
39265 94691 -2
39265 61070 2
39265 62600 -1
39265 6554 -2
39265 60127 -1
39265 11624 1
47191 94691 1
47191 61070 -1
47191 97263 1
47720 16786 -1
47720 43053 -1
47720 94691 -4
47720 61070 4
47720 61467 -1
47720 6554 -3
47720 60127 -1
47720 17283 -1
47720 25263 -1
47720 63639 -1
53529 94691 -1
53529 61070 4
53529 53557 -1
59907 39265 1
59907 43053 -2
59907 94691 -3
59907 6554 -2
59907 60127 -1
59907 63639 -1
59907 41644 -1
59907 67803 -2
59907 87222 -1
59907 26634 2
67829 9501 1
67829 15608 -1
68293 94691 -1
68293 61467 -1
68293 6554 -1
68293 25263 -1
68293 77269 -1
72969 28566 1
72969 60604 1
72969 63639 1
72969 47505 -1
72969 12804 1
72969 73803 1
72969 44062 1
73494 94691 -1
74467 16786 1
74467 62600 1
74467 15608 1
74467 6554 1
74467 41477 -1
75826 94691 1
75826 61070 -1
75826 62600 2
75826 60604 1
75826 20345 1
75826 2494 2
75826 6554 1
75826 17283 1
75826 25263 1
75826 63639 1
75826 12804 2
75826 75822 1
75826 37773 1
78094 25508 1
78094 62600 -2
78094 17283 -1
78094 75958 -3
78094 77775 -1
78094 81246 -1
80466 20606 1
80466 94691 -2
80466 61070 3
80466 72927 -2
80466 6554 -1
80466 60127 -1
80466 63639 -1
80466 13956 -1
80466 38885 -2
84452 94691 -1
84452 61070 1
85464 61070 -1
90379 61070 1
90379 97263 -1
91574 413 1
91574 97263 1
91574 47505 -1
92976 61070 -1
92976 97263 1
93207 61070 1
93207 62600 -1
93207 6554 -1
93207 88612 -1
94287 94691 -1
413 89508 1
650 16786 4
650 94691 4
650 62600 2
650 15608 1
650 71508 1
650 78285 1
650 92401 1
650 20345 1
650 2494 1
650 6554 3
650 60127 3
650 25263 2
650 63639 2
650 53557 1
650 12804 2
650 31508 1
650 42906 1
650 74573 1
650 75822 2
650 80418 1
650 85037 1
1416 62600 1
1416 6554 1
1647 63639 1
3777 15608 1
4659 62600 1
6716 61070 1
8909 16786 1
8909 94691 3
8909 78285 1
8909 20345 2
8909 63639 1
8909 42906 1
8909 728 1
8909 71316 1
8909 73507 1
8909 84167 1
12541 62600 1
16088 94691 1
16088 61070 1
16088 89508 1
16088 51229 1
20606 61070 1
23544 61070 1
24418 16786 1
24418 62600 1
24418 71432 1
24418 63639 1
25241 94691 1
28566 89508 1
31930 16786 1
31930 6554 1
31930 60127 1
31930 51900 1
35230 16786 2
35230 3777 1
35230 28566 1
35230 94691 1
35230 20345 1
35230 2494 1
35230 6554 1
35230 25263 1
35230 63639 1
35230 31508 1
35230 42906 1
35230 75822 1
35230 19077 1
35230 73803 1
37843 62600 1
37843 78285 1
40329 16786 2
40329 94691 1
40329 78285 1
40329 25263 1
42343 16786 1
42343 12804 1
43053 16786 2
43053 58243 1
43053 94691 2
43053 62600 1
43053 2494 1
43053 6554 3
43053 60127 1
43053 25263 1
43053 63639 3
43053 67803 1
43053 12804 1
43053 31508 1
43053 74573 1
43053 75822 1
43053 28580 1
43053 37773 1
43053 67218 1
43053 85305 1
43610 6554 1
43610 25263 1
43669 15608 1
43990 62600 1
43990 75822 1
44462 16786 2
51502 85068 1
56183 94691 1
56183 12804 1
56183 21793 1
56183 33042 1
56183 35832 1
56183 60246 1
58243 62600 1
58243 63639 1
60305 16786 1
60305 97263 1
60305 12804 1
60752 15608 1
62704 16786 2
62704 650 1
62704 24418 1
62704 42343 1
62704 87246 1
62704 94691 2
62704 62600 2
62704 60604 2
62704 71508 1
62704 78285 1
62704 20345 2
62704 2494 3
62704 6554 1
62704 60127 1
62704 25263 1
62704 63639 2
62704 67803 1
62704 12804 2
62704 31508 1
62704 75822 2
62704 80418 1
62704 85037 2
62704 51229 1
62704 37773 1
62704 85305 1
62704 85068 2
62704 14449 1
62704 35379 1
62704 97188 1
64970 14081 1
64970 6554 1
65855 62600 1
65905 94691 1
65905 14081 2
65905 19888 1
67528 62600 2
67528 20345 1
69644 94691 1
69644 60604 1
69644 12804 1
77171 94691 1
77404 78285 1
77404 80418 1
77995 16786 1
77995 20345 1
77995 6554 1
77995 17468 1
77995 30381 1
80377 16786 1
80377 19077 1
86755 99986 1
86755 6554 1
87246 17283 1
88093 94691 1
88093 97263 1
88093 63639 1
88692 97263 1
90212 87246 1
91486 14081 1
91486 78285 2
94161 61070 1
94384 37773 1
94691 16786 1
94691 6554 1
